pageno	times	org1	pdept	bgtyy	org	item	srcid	workid	obj	seq	sexual	sextitle	sexamt	sexlamt	stdcd	una1	cqty1	una2	cqty2	una3	cqty3	una4	cqty4	pqty	prc	preamt	amt	lawamt	lamt	amt1	amt2	note	udept	ocd1	ocd2	mcd	acd	kort	eno	pmnote	bystd	statcd	bybase	newitem	sno	hticode	pticode	mticode	scode	man	sysdat	usno
1-1-60	0	01101		104	01101	2	117104000		0306	001			0	0		臺	63		0		0		0	63.00	26000	1638000	1638000	1638000	180000	0	0	汰換研究室桌上型電腦。									0	355	310	1	0001				0017		1030507	BGT
1-1-60	0	01101		104	01101	2	117104000		0306	002			0	0		臺	67		0		0		0	67.00	13000	871000	871000	871000	2100000	0	0	汰換研究室雷射印表機。									0	355	310	1	0002				0018		1030507	BGT
1-1-60	0	01101		104	01101	2	117104000		0306	004			0	0		個	70		0		0		0	70.00	2500	175000	175000	175000	200000	0	0	研究室行動碟。									0	355	310	1	0003				0015		1030507	BGT
1-1-60	0	01101		104	01101	2	117104000		0306	005			0	0		臺	44		0		0		0	44.00	26000	1144000	1144000	1144000	880000	0	0	汰換員工桌上型電腦。									0	355	310	1	0004				0015		1030507	BGT
1-1-60	0	01101		104	01101	2	117104000		0306	006			0	0		臺	12		0		0		0	12.00	13000	156000	156000	156000	30000	0	0	汰換員工雷射印表機。									0	355	310	1	0005				0017		1030507	BGT
1-1-60	0	01101		104	01101	2	117104000		0306	007			0	0		組	1		0		0		0	1.00	81000	81000	81000	81000	55000	0	0	UPS電池組更換。									0	355	310	1	0006				0017		1030507	BGT
1-1-60	0	01101		104	01101	2	117104000		0306	008			0	0		式	1		0		0		0	1.00	94000	94000	94000	94000	500000	0	0	UPS電容器更換。									0	355	310	1	0007				0015		1030507	BGT
1-1-60	0	01101		104	01101	2	117104000		0306	009			0	0		臺	1		0		0		0	1.00	399000	399000	399000	399000	680000	0	0	網路防毒牆。									0	355	310	1	0008				0015		1030507	BGT
1-1-60	0	01101		104	01101	2	117104000		0306	010			0	0		臺	1		0		0		0	1.00	91000	91000	91000	91000	200000	0	0	DHCP動態主機網址設定伺服器。									0	355	310	1	0009				0015		1030512	BGT
1-1-60	0	01101		104	01101	2	117104000		0306	011			0	0		式	1		0		0		0	1.00	420000	362000	420000	420000	260000	0	0	無線網路整合擴充。									0	355	310	1	0010				0015		1030604	BGT
1-1-60	0	01101		104	01101	2	117104000		0306	012			0	0		臺	1		0		0		0	1.00	340000	340000	340000	340000	0	0	0	IPv6升級用伺服器。									0	355	310	1	0011	0	0	0	0015		1030512	BGT
1-1-61	0	01101		104	01101	2	117104000		0306	013			0	0		條	8		0		0		0	8.00	15800	126400	126400	126400	0	0	0	伺服器記憶體(數位典藏及備份系統用)。									0	355	310	1	0012	0	0	0	0015		1030512	BGT
1-1-61	0	01101		104	01101	2	117104000		0306	014			0	0		個	6		0		0		0	6.00	12700	76200	76200	76200	0	0	0	伺服器硬碟(線上資料庫及數位錄音管理系統用)。									0	355	310	1	0013	0	0	0	0015		1030512	BGT
1-1-61	0	01101		104	01101	2	117104000		0306	015			0	0		套	8		0		0		0	8.00	22000	176000	176000	176000	0	0	0	備份軟體(虛擬機版)。									0	355	310	1	0014	0	0	0	0015		1030507	BGT
1-1-61	0	01101		104	01101	2	117104000		0306	016			0	0		套	2		0		0		0	2.00	40000	80000	80000	80000	0	0	0	VMWare虛擬軟體。									0	355	310	1	0015	0	0	0	0015		1030507	BGT
1-1-61	0	01101		104	01101	2	117104000		0306	017			0	0		式	1		0		0		0	1.00	180000	180000	180000	180000	0	0	0	行政入口網功能擴充。									0	355	310	1	0016	0	0	0	0015		1030507	BGT
1-1-61	0	01101		104	01101	2	117104000		0306	018			0	0		式	1		0		0		0	1.00	370000	370000	370000	370000	0	0	0	公文系統功能擴充。									0	355	310	1	0017	0	0	0	0015		1030507	BGT
1-1-61	0	01101		104	01101	2	117104000		0306	019			0	0		式	1		0		0		0	1.00	2500000	2500000	2500000	2500000	0	0	0	議員網頁改版。									0	355	310	1	0018	0	0	0	0015		1030507	BGT
1-1-61	0	01101		104	01101	2	117104000		0306	020			0	0		式	1		0		0		0	1.00	320000	320000	320000	320000	0	0	0	差勤系統改版。									0	355	310	1	0019	0	0	0	0015		1030507	BGT
1-1-61	0	01101		104	01101	2	117104000		0306	021			0	0		臺	1		0		0		0	1.00	36750	36750	36750	36750	0	0	0	差勤系統用卡鐘。									0	355	310	1	0020	0	0	0	0015		1030512	BGT
1-1-61	0	01101		104	01101	2	117104000		0306	022			0	0		式	1		0		0		0	1.00	180000	4500000	180000	180000	0	0	0	ipad播放分享平台。									0	355	310	1	0021	0	0	0	0015		1030603	BGT
1-1-61	0	01101		104	01101	2	117104000		0306	023			0	0		式	1		0		0		0	1.00	415000	415000	415000	415000	0	0	0	異地備份。									0	355	310	1	0022	0	0	0	0015		1030507	BGT
1-1-61	0	01101		104	01101	2	117104000		0306	024			0	0		式	1		0		0		0	1.00	1200000	1200000	1200000	1200000	0	0	0	數位典藏系統改版。									0	355	310	1	0023	0	0	0	0015		1030512	BGT
1-1-61	0	01101		104	01101	2	117104000		0306	025			0	0		臺	1		0		0		0	1.00	195000	195000	195000	195000	0	0	0	數位典藏系統用儲存設備。									0	355	310	1	0024	0	0	0	0015		1030516	BGT
1-1-61	0	01101		104	01101	2	117104000		0306	026			0	0		式	1		0		0		0	1.00	380000	380000	380000	380000	0	0	0	第9、10屆議事錄影轉檔。									0	355	310	1	0025	0	0	0	0015		1030512	BGT
1-1-61	0	01101		104	01101	2	117104000		0306	027			0	0		式	1		0		0		0	1.00	500000	0	500000	500000	0	0	0	ipad播放版面調整軟體。									0	355	310	1	0026	0	0	0	0015		1030603	BGT
2-1-67	0	02101		104	02101	2	127104000		0306	001			0	0		部	35		0		0		0	35.00	20900	731500	731500	731500	717500	0	0	汰換個人電腦。								依104年度臺北市地方總預算各機關購置電腦及其相關設備編列基準審查表規定個人電腦編列標準每部為20,900元，本處預計汰換35部，故需731,500元	0	355	310	1	0001				0016	陳晉軒	1030327	BGT
2-1-67	0	02101		104	02101	2	127104000		0306	002			0	0		年	1		0		0		0		30000	30000	30000	30000	30000	0	0	電腦套裝軟體。									0	357	310	1	0002				0010	陳晉軒	1030318	BGT
2-1-67	0	02101		104	02101	2	127104000		0306	003			0	0		年	1		0		0		0		2400	2400	2400	2400	2400	0	0	電腦圖書費。									0	357	310	1	0003				0019	陳晉軒	1030318	BGT
2-1-67	0	02101		104	02101	2	127104000		0306	004			0	0		年	1		0		0		0	1.00	394647	394647	394647	394647	394647	0	0	電腦周邊設備及零組件。									0	357	310	1	0004				0017	陳晉軒	1030421	BGT
2-2-52	0	02102		104	02102	2	127104000		0306	001			0	0		部	11		0		0		0	11.00	20900	229900	229900	229900	225500	0	0	汰換個人電腦。									0	355	310	0	0007				0016	王子建	1030527	BGT
2-2-52	0	02102		104	02102	2	127104000		0306	002			0	0		組	1		0		0		0	1.00	177000	177000	177000	177000	170500	0	0	電腦周邊設備及零組件。									0	355	310	0	0008				0017	王子建	1030710	BGT
2-3-61	0	02103		104	02103	2	127104000		0306	001			0	0		部	28		0		0		0	28.00	20900	585200	585200	585200	451000	0	0	汰換個人電腦。								依編列標準覈實編列	0	355	310	0	0001				0016	陳翠宜	1030314	BGT
2-3-61	0	02103		104	02103	2	127104000		0306	002			0	0		年	1		0		0		0	1.00	359600	359600	359600	359600	318800	0	0	電腦周邊設備及零組件。								依基準編列28*8,000+(141-28)*1200元	0	355	310	0	0002				0017	陳翠宜	1030313	BGT
2-3-61	0	02103		104	02103	2	127104000		0306	003			0	0		年	1		0		0		0	1.00	45000	45000	45000	45000	80000	0	0	電腦套裝軟體。								依實際需要覈實編列	0	357	310	0	0003				0010	陳翠宜	1030314	BGT
2-3-61	0	02103		104	02103	2	127104000		0306	004			0	0		年	1		0		0		0	1.00	200000	200000	200000	200000	157500	0	0	公務決算系統功能擴充經費。								增加預算保留分配等功能	0	357	310	0	0004				0020	柳文鏗	1030313	BGT
2-3-61	0	02103		104	02103	2	127104000		0306	006			0	0		臺	2		0		0		0	2.00	136800	273600	273600	273600	0	0	0	汰換中階伺服器。								汰換97年購置中階伺服器	0	355	310	0	0005	0	0	0	0017	陳翠宜	1030605	BGT
2-4-55	0	02104		104	02104	2	127104000		0306	001			0	0		部	15		0		0		0	15.00	20900	313500	313500	313500	307500	0	0	汰換個人電腦。								依標準核實增列。	0	355	310	0	0001				0016	陳俊男	1030326	BGT
2-4-55	0	02104		104	02104	2	127104000		0306	002			0	0		年	1		0		0		0	1.00	184500	214500	184500	184500	224000	0	0	各型印表機、掃描器等周邊設備及零組件。								核實減列。	0	355	310	0	0002				0017	陳俊男	1030924	BGT
2-4-55	0	02104		104	02104	2	127104000		0306	003			0	0		年	1		0		0		0	1.00	100000	200000	100000	100000	200000	0	0	電腦套裝軟體。									0	357	310	0	0003				0010	陳俊男	1030924	BGT
2-4-55	0	02104		104	02104	2	127104000		0306	004			0	0		式	1		0		0		0	1.00	900950	937500	900950	900950	1081632	0	0	本府人事差勤等系統主機軟硬體設備擴充。								核實減列。	0	355	310	0	0004				0020	陳俊男	1030924	BGT
2-5-38	0	02105		104	02105	2	127104000		0306	001			0	0	0301	部	12		0		0		0	12.00	20900	250800	250800	250800	246000	0	0	汰換個人電腦。									1	355	310	0	0002				0016	梁郅興	1030414	BGT
2-5-38	0	02105		104	02105	2	127104000		0306	002			0	0		年	1		0		0		0	1.00	148000	168000	168000	148000	168000	0	0	電腦周邊設備及零組件。									0	355	310	0	0003				0017	梁郅興	1031014	BGT
2-5-38	0	02105		104	02105	2	127104000		0306	003			0	0		年	1		0		0		0	1.00	30283	57959	57959	30283	57959	0	0	電腦套裝軟體。									0	357	310	0	0004				0010	梁郅興	1031014	BGT
2-6-43	0	02106		104	02106	2	217104000		0306	001			0	0		式	1		0		0		0		480000	480000	480000	480000	480000	0	0	電腦周邊設備及零組件。									0	355	310	0	0001				0017	李忠義	1030326	BGT
2-6-43	0	02106		104	02106	2	217104000		0306	002			0	0		部	46		0		0		0	46.00	20900	961400	961400	961400	389500	0	0	汰換個人電腦。									0	355	310	0	0002				0016	李忠義	1030530	BGT
2-6-43	0	02106		104	02106	2	217104000		0306	004			0	0		部	2		0		0		0	2.00	25000	77400	50000	50000	0	0	0	伺服器。									0	355	310	0	0003	0	0	0	0018	李忠義	1031002	BGT
2-7-59	0	02108		104	02108	2	127104000		0306	001			0	0	0301	部	14		0		0		0	14.00	20900	292600	292600	292600	307500	0	0	汰換個人電腦。								按人數伸算	1	355	310	0	0001				0016	劉瀚澤	1030523	BGT
2-7-59	0	02108		104	02108	2	127104000		0306	002			0	0		年	1		0		0		0	1.00	120000	120000	120000	120000	120000	0	0	電腦周邊設備及零組件。								按人數伸算	0	355	310	0	0002				0017	劉瀚澤	1030523	BGT
2-8-20	0	02111		104	02111	2	347104000		0306	002			0	0		組	1		0		0		0	1.00	37000	37000	37000	37000	73000	0	0	電腦周邊設備及零組件。								覈實減列。	0	355	310	0	0001				0017	蔡立睿	1030417	BGT
2-8-20	0	02111		104	02111	2	347104000		0306	004			0	0	0301	部	2		0		0		0	2.00	20900	41800	41800	41800	41000	0	0	汰換個人電腦2部。								覈實增列。	1	355	310	0	0002				0016	蔡立睿	1030619	BGT
2-9-67	0	02112		104	02112	2	137104000		0306	001			0	0	0301	部	7		0		0		0	7.00	20900	146300	146300	146300	143500	0	0	汰換個人電腦。								覈實增列。	1	355	310	0	0001					李菊妹	1030703	BGT
2-9-67	0	02112		104	02112	2	137104000		0306	002			0	0		年	1		0		0		0	1.00	101920	101920	101920	101920	101920	0	0	電腦周邊設備及零組件。									0	355	310	0	0002					李菊妹	1030703	BGT
2-9-67	0	02112		104	02112	2	137104000		0306	003			0	0		部	1		0		0		0	1.00	38700	273600	38700	38700	0	0	0	伺服器(新增)。									0	355	310	0	0003	0	0	0		李菊妹	1030703	BGT
2-10-42	0	02113		104	02113	2	227104000		0306	001			0	0	0301	部	6		0		0		0	6.00	20900	125400	125400	125400	123000	0	0	汰換個人電腦。									1	355	310	0	0001				0016	顏瑞瑩	1030626	BGT
2-10-42	0	02113		104	02113	2	227104000		0306	002			0	0		式	1		0		0		0	1.00	80000	80000	80000	80000	86500	0	0	電腦周邊設備及零組件。								1,500X40台+8,000X10台	0	355	310	0	0002				0017	顏瑞瑩	1030626	BGT
2-11-57	0	02121		104	02121	2	137104000		0306	001			0	0		年	1		0		0		0	1.00	254580	296800	254580	254580	296800	0	0	電腦周邊設備及零組件。									0	355	310	0	0003				0017	林軾勛	1031015	BGT
2-11-57	0	02121		104	02121	2	137104000		0306	002			0	0		年	1		0		0		0	1.00	72000	100000	72000	72000	100000	0	0	套裝軟體。									0	357	310	0	0004				0010	林軾勛	1031015	BGT
2-11-58	0	02121		104	02121	2	137104000		0306	003			0	0		部	15		0		0		0	15.00	20900	794200	313500	313500	205000	0	0	汰換個人電腦。									0	355	310	0	0005				0016	林軾勛	1031015	BGT
2-12-54	0	02122		104	02122	2	137104000		0306	001			0	0	0301	部	25		0		0		0	25.00	20900	522500	522500	522500	820000	0	0	汰換個人電腦。									1	355	310	0	0002				0016	張國裕	1030618	BGT
2-12-54	0	02122		104	02122	2	137104000		0306	002			0	0		年	1		0		0		0	1.00	466880	598000	466880	466880	580000	0	0	電腦周邊設備及零組件。									0	355	310	0	0003				0017	張國裕	1031014	BGT
2-12-54	0	02122		104	02122	2	137104000		0306	003			0	0		年	1		0		0		0	1.00	190700	190700	190700	190700	55080	0	0	套裝軟體。									0	357	310	0	0004				0010	張國裕	1030618	BGT
2-13-54	0	02123		104	02123	2	137104000		0306	001			0	0		部	25		0		0		0	25.00	20900	794200	522500	522500	574000	0	0	汰換個人電腦。									0	355	310	0	0002				0016	宋仁昌	1031014	BGT
2-13-54	0	02123		104	02123	2	137104000		0306	002			0	0		年	1		0		0		0	1.00	301180	344000	301180	301180	319000	0	0	電腦周邊設備及零組件。									0	357	310	0	0003				0017	宋仁昌	1031014	BGT
2-13-54	0	02123		104	02123	2	137104000		0306	003			0	0		年	1		0		0		0	1.00	83418	92687	83418	83418	92687	0	0	套裝軟體。									0	357	310	0	0004				0010	宋仁昌	1031014	BGT
2-14-67	0	02124		104	02124	2	137104000		0306	001			0	0	0301	部	25		0		0		0	25.00	20900	522500	522500	522500	533000	0	0	汰換個人電腦。									1	355	310	0	0002				0016	葉玲吟	1030625	BGT
2-14-67	0	02124		104	02124	2	137104000		0306	002			0	0		年	1		0		0		0	1.00	203627	294308	294308	203627	294308	0	0	電腦周邊設備及零組件。									0	355	310	0	0003				0017	葉玲吟	1031014	BGT
2-14-67	0	02124		104	02124	2	137104000		0306	004			0	0		年	1		0		0		0	1.00	90000	90000	90000	90000	90000	0	0	套裝軟體。									0	357	310	0	0004				0010	葉玲吟	1030328	BGT
2-15-56	0	02125		104	02125	2	137104000		0306	001			0	0	0301	部	21		0		0		0	21.00	20900	564300	438900	438900	553500	0	0	汰換個人電腦。									1	355	310	0	0002				0016	鍾明育	1030626	BGT
2-15-56	0	02125		104	02125	2	137104000		0306	002			0	0		年	1		0		0		0	1.00	282536	345600	282536	282536	342000	0	0	電腦周邊設備及零組件。									0	355	310	0	0003				0017	鍾明育	1031014	BGT
2-15-56	0	02125		104	02125	2	137104000		0306	003			0	0		年	1		0		0		0	1.00	130631	223021	130631	130631	50000	0	0	套裝軟體。								因業務實際需要增列	0	357	310	0	0004				0010	鍾明育	1031014	BGT
2-16-56	0	02126		104	02126	2	137104000		0306	001			0	0		年	1		0		0		0	1.00	251200	251200	251200	251200	251200	0	0	電腦周邊設備及零組件。									0	355	310	0	0001				0017	吳忠駿	1030402	BGT
2-16-56	0	02126		104	02126	2	137104000		0306	002			0	0	0301	部	18		0		0		0	18.00	20900	752400	376200	376200	389500	0	0	汰換個人電腦。									1	355	310	0	0002				0016	吳忠駿	1031013	BGT
2-16-56	0	02126		104	02126	2	137104000		0306	003			0	0		年	1		0		0		0	1.00	118070	180000	118070	118070	180000	0	0	套裝軟體。									0	357	310	0	0003				0010	吳忠駿	1030925	BGT
2-17-63	0	02127		104	02127	2	137104000		0306	001			0	0		部	24		0		0		0	24.00	20900	522500	501600	501600	512500	0	0	汰換個人電腦。									0	355	310	0	0002				0016	林潘明	1030623	BGT
2-17-63	0	02127		104	02127	2	137104000		0306	002			0	0		年	1		0		0		0	1.00	410000	442400	410000	410000	452400	0	0	電腦周邊設備及零組件。									0	355	310	0	0003				0017	林潘明	1031016	BGT
2-17-63	0	02127		104	02127	2	137104000		0306	003			0	0		年	1		0		0		0	1.00	100000	180000	100000	100000	180000	0	0	套裝軟體。									0	357	310	0	0004				0010	林潘明	1031016	BGT
2-18-65	0	02128		104	02128	2	137104000		0306	001			0	0		部	26		0		0		0	26.00	18810	533000	489060	489060	553500	0	0	汰換個人電腦。									0	355	310	0	0003				0016	盧建宏	1031009	BGT
2-18-65	0	02128		104	02128	2	137104000		0306	002			0	0		年	1		0		0		0	1.00	311040	356000	311040	311040	356000	0	0	電腦周邊設備及零組件。									0	355	310	0	0004				0017	盧建宏	1031009	BGT
2-18-65	0	02128		104	02128	2	137104000		0306	003			0	0		年	1		0		0		0	1.00	54000	60000	54000	54000	60000	0	0	套裝軟體。									0	357	310	0	0005				0010		1031009	BGT
2-19-61	0	02129		104	02129	2	137104000		0306	001			0	0	0301	部	14		0		0		0	14.00	20900	418000	292600	292600	410000	0	0	汰換個人電腦。									1	355	310	0	0002				0016	林宗煇	1031015	BGT
2-19-61	0	02129		104	02129	2	137104000		0306	002			0	0		年	1		0		0		0	1.00	178684	212000	178684	178684	220000	0	0	電腦周邊設備及零組件。									0	355	310	0	0003				0017	林宗煇	1031015	BGT
2-19-61	0	02129		104	02129	2	137104000		0306	003			0	0		年	1		0		0		0		62600	62600	62600	62600	62600	0	0	套裝軟體。									0	357	310	0	0004				0010	林宗煇	1030317	BGT
2-19-61	0	02129		104	02129	2	137104000		0306	005			0	0		套	1		0		0		0	1.00	10152	15380	10152	10152	0	0	0	套裝軟體(神網電腦終端防護-Console端)。									0	357	310	1	0005	0	0	0	0010	林宗煇	1030618	BGT
2-19-61	0	02129		104	02129	2	137104000		0306	006			0	0		套	100		0		0		0	100.00	1320	239900	132000	132000	0	0	0	套裝軟體(神網電腦終端防護-Client端)。									0	357	310	1	0006	0	0	0	0010	林宗煇	1030618	BGT
2-20-60	0	02130		104	02130	2	137104000		0306	001			0	0		年	1		0		0		0	1.00	72000	80000	72000	72000	100000	0	0	套裝軟體。									0	357	310	0	0001				0010	林均怡	1030923	BGT
2-20-60	0	02130		104	02130	2	137104000		0306	002			0	0		部	27		0		0		0	27.00	20900	564300	564300	564300	512500	0	0	汰換個人電腦。									0	355	310	0	0002				0016	林均怡	1030925	BGT
2-20-60	0	02130		104	02130	2	137104000		0306	003			0	0		年	1		0		0		0	1.00	242730	332400	242730	242730	324870	0	0	電腦周邊設備及零組件。									0	355	310	0	0003				0017	林均怡	1030925	BGT
2-21-62	0	02131		104	02131	2	137104000		0306	001			0	0	0301	部	29		0		0		0	29.00	20900	606100	606100	606100	656000	0	0	汰換個人電腦。									1	355	310	0	0001				0016	余仲強	1030614	BGT
2-21-62	0	02131		104	02131	2	137104000		0306	002			0	0		年	1		0		0		0	1.00	327794	450000	327794	327794	450000	0	0	電腦周邊設備及零組件。									0	355	310	0	0002				0017	余仲強	1031014	BGT
2-21-62	0	02131		104	02131	2	137104000		0306	003			0	0		年	1		0		0		0	1.00	165960	165960	165960	165960	130000	0	0	套裝軟體。									0	357	310	0	0003				0010	余仲強	1030614	BGT
2-22-63	0	02132		104	02132	2	137104000		0306	001			0	0		部	26		0		0		0	26.00	18810	543400	543400	489060	615000	0	0	汰換個人電腦。									0	355	310	0	0003				0016	陳蓉樺	1031013	BGT
2-22-63	0	02132		104	02132	2	137104000		0306	002			0	0		年	1		0		0		0	1.00	32400	36000	36000	32400	30000	0	0	套裝軟體。								依104年資訊概算編列標準編列	0	357	310	0	0004				0010	陳蓉樺	1031013	BGT
2-22-63	0	02132		104	02132	2	137104000		0306	003			0	0		組	1		0		0		0	1.00	380520	422800	422800	380520	370000	0	0	電腦周邊設備及零組件。								依104年資訊概算編列標準編列	0	355	310	0	0005				0017	陳蓉樺	1031013	BGT
3-1-109	0	03101		104	03101	2	137104000		0306	001			0	0		年	1		0		0		0	1.00	207000	259200	230000	207000	293200	0	0	電腦周邊設備及零組件。								$8,000X15部+$1,200X116部	0	355	310	0	0001				0017	陸美虹	1031009	BGT
3-1-109	0	03101		104	03101	2	137104000		0306	002			0	0		部	5		0		0		0	5.00	34830	193500	193500	174150	117400	0	0	汰換戶所及本局低階伺服器(中山(1部)、萬華(2部)、本局(2部))。									0	355	310	0	0002				0018	陸美虹	1031009	BGT
3-1-109	0	03101		104	03101	2	137104000		0306	003			0	0		項	1		0		0		0	1.00	360000	400000	400000	360000	400000	0	0	網頁製作費用(民政局暨所屬機關)。									0	359	310	0	0003					王彩媚	1031009	BGT
3-1-110	0	03101		104	03101	2	137104000		0306	004			0	0		部	15		0		0		0	15.00	18810	313500	313500	282150	317200	0	0	汰換個人電腦。									0	355	310	0	0004				0016	陸美虹	1031009	BGT
3-1-110	0	03101		104	03101	2	137104000		0306	009			0	0		部	1		0		0		0	1.00	123120	136800	136800	123120	0	0	0	汰換本局中階資料庫伺服器。										355	310	0	0005					陸美虹	1031009	BGT
3-2-28	0	03102		104	03102	2	227104000		0306	001			0	0		部	1		0		0		0	1.00	18810	20900	20900	18810	41000	0	0	汰換個人電腦。								核實減列。	2	355	310	0	0001				0016	王福慶	1031013	BGT
3-2-28	0	03102		104	03102	2	227104000		0306	002			0	0		年	1		0		0		0	1.00	32850	36500	36500	32850	36500	0	0	電腦周邊設備及零組件。									2	355	310	0	0002				0017	王福慶	1031013	BGT
3-3-98	0	03103		104	03103	2	227104000		0306	001			0	0		部	13		0		0		0	13.00	18810	271700	271700	244530	287000	0	0	汰換個人電腦。									0	355	310	0	0001				0016	許志榮	1031013	BGT
3-3-98	0	03103		104	03103	2	227104000		0306	002			0	0		年	1		0		0		0	1.00	173700	193000	193000	173700	193000	0	0	電腦周邊設備及零組件。									0	355	310	0	0002				0017	許志榮	1031013	BGT
3-3-98	0	03103		104	03103	2	227104000		0306	003			0	0		年	1		0		0		0	1.00	90000	100000	100000	90000	165800	0	0	套裝軟體。									0	357	310	0	0003				0010	許志榮	1031013	BGT
3-4-40	0	03111		104	03111	2	137104000		0306	001			0	0		部	8		0		0		0	8.00	18810	167200	150480	150480	164000	0	0	汰換個人電腦。									0	355	310	0	0001				0016	林玉麟	1031013	BGT
3-4-40	0	03111		104	03111	2	137104000		0306	002			0	0		年	1		0		0		0	1.00	111600	124000	111600	111600	125200	0	0	電腦周邊設備及零組件。									0	355	310	0	0002				0017	林玉麟	1031013	BGT
3-4-40	0	03111		104	03111	2	137104000		0306	003			0	0		年	1		0		0		0	1.00	45000	50000	45000	45000	50000	0	0	套裝軟體。									0	357	310	0	0003				0010	林玉麟	1031013	BGT
3-5-39	0	03112		104	03112	2	137104000		0306	001			0	0		部	9		0		0		0	9.00	18810	188100	188100	169290	184500	0	0	汰換個人電腦。								核實減列	0	355	310	0	0001				0016	曾自強	1031013	BGT
3-5-39	0	03112		104	03112	2	137104000		0306	002			0	0		年	1		0		0		0	1.00	143100	171000	159000	143100	156000	0	0	電腦周邊設備及零組件。								核實減列	0	355	310	0	0002				0017	曾自強	1031013	BGT
3-5-39	0	03112		104	03112	2	137104000		0306	003			0	0		年	1		0		0		0	1.00	34686	38540	38540	34686	49600	0	0	套裝軟體。								核實減列	0	357	310	0	0003				0010	曾自強	1031013	BGT
3-6-39	0	03113		104	03113	2	137104000		0306	001			0	0		部	19		0		0		0	19.00	18810	397100	357390	357390	348500	0	0	汰換個人電腦。								依府頒標準編列	0	355	310	0	0001				0016	余書帆	1030926	BGT
3-6-39	0	03113		104	03113	2	137104000		0306	002			0	0		年	1		0		0		0	1.00	90000	100000	90000	90000	100000	0	0	電腦周邊設備及零組件。								核實編列	0	355	310	0	0002				0017	余書帆	1030926	BGT
3-6-39	0	03113		104	03113	2	137104000		0306	003			0	0		年	1		0		0		0	1.00	90000	100000	90000	90000	100000	0	0	套裝軟體。								核實編列。	0	357	310	0	0003				0010	余書帆	1030926	BGT
3-7-39	0	03114		104	03114	2	137104000		0306	001			0	0		部	9		0		0		0	9.00	18810	188100	188100	169290	184500	0	0	汰換個人電腦。									0	355	310	0	0001				0016	林士翔	1031014	BGT
3-7-39	0	03114		104	03114	2	137104000		0306	002			0	0		年	1		0		0		0	1.00	163350	181500	181500	163350	181500	0	0	電腦周邊設備及零組件。									0	355	310	0	0002				0017	林士翔	1031014	BGT
3-7-39	0	03114		104	03114	2	137104000		0306	003			0	0		年	1		0		0		0	1.00	89501	99446	99446	89501	103046	0	0	套裝軟體。									0	357	310	0	0003				0010	林士翔	1031014	BGT
3-8-39	0	03115		104	03115	2	137104000		0306	001			0	0		部	9		0		0		0	9.00	18810	188100	188100	169290	82000	0	0	汰換個人電腦。									0	355	310	0	0001				0016	蔡佩芳	1031013	BGT
3-8-39	0	03115		104	03115	2	137104000		0306	002			0	0		年	1		0		0		0	1.00	109350	121500	121500	109350	104000	0	0	電腦周邊設備及零組件。									0	355	310	0	0002				0017	蔡佩芳	1031013	BGT
3-8-39	0	03115		104	03115	2	137104000		0306	003			0	0		年	1		0		0		0	1.00	54000	60000	60000	54000	60000	0	0	套裝軟體。　　　　　　									0	357	310	0	0003				0010	蔡佩芳	1031013	BGT
3-9-38	0	03116		104	03116	2	137104000		0306	001			0	0		部	8		0		0		0	8.00	18810	167200	167200	150480	164000	0	0	汰換個人電腦。								依標準單價調整	0	355	310	0	0001				0016	趙美玲	1031013	BGT
3-9-38	0	03116		104	03116	2	137104000		0306	002			0	0		年	1		0		0		0	1.00	96255	106950	106950	96255	106950	0	0	電腦周邊設備及零組件。									0	355	310	0	0002				0017	趙美玲	1031013	BGT
3-9-38	0	03116		104	03116	2	137104000		0306	003			0	0		年	1		0		0		0	1.00	45000	50000	50000	45000	50000	0	0	套裝軟體。									0	357	310	0	0003				0010	趙美玲	1031013	BGT
3-10-36	0	03121		104	03121	2	137104000		0306	001			0	0		部	6		0		0		0	6.00	18810	125400	125400	112860	123000	0	0	汰換個人電腦。									0	355	310	0	0001				0016	鄭志銘	1031013	BGT
3-10-36	0	03121		104	03121	2	137104000		0306	002			0	0		年	1		0		0		0	1.00	94500	105000	105000	94500	100000	0	0	電腦周邊設備及零組件。									0	355	310	0	0002				0017	鄭志銘	1031013	BGT
3-10-36	0	03121		104	03121	2	137104000		0306	003			0	0		年	1		0		0		0	1.00	58500	65000	65000	58500	65000	0	0	套裝軟體。									0	357	310	0	0003				0010	鄭志銘	1031013	BGT
3-11-37	0	03122		104	03122	2	137104000		0306	001			0	0		部	11		0		0		0	11.00	18810	229900	229900	206910	246000	0	0	汰換個人電腦。								核實減列。	2	355	310	0	0001				0016	李淵博	1031013	BGT
3-11-37	0	03122		104	03122	2	137104000		0306	002			0	0		年	1		0		0		0	1.00	148500	165000	165000	148500	165000	0	0	電腦周邊設備及零組件。								核實減列。	2	355	310	0	0002				0017	李淵博	1031013	BGT
3-11-37	0	03122		104	03122	2	137104000		0306	003			0	0		年	1		0		0		0	1.00	81000	90000	90000	81000	90000	0	0	套裝軟體。								核實減列。	2	357	310	0	0003				0010	李淵博	1031013	BGT
3-12-37	0	03123		104	03123	2	137104000		0306	001			0	0		部	5		0		0		0	5.00	18810	104500	94050	94050	138400	0	0	汰換個人電腦。									0	355	310	0	0001				0016	張文杰	1031013	BGT
3-12-37	0	03123		104	03123	2	137104000		0306	002			0	0		年	1		0		0		0	1.00	103500	115000	103500	103500	102900	0	0	電腦周邊設備及零組件。									0	355	310	0	0002				0017	張文杰	1031013	BGT
3-12-37	0	03123		104	03123	2	137104000		0306	003			0	0		年	1		0		0		0	1.00	25200	28000	25200	25200	28000	0	0	套裝軟體。									0	357	310	0	0003				0010	張文杰	1031013	BGT
3-13-35	0	03124		104	03124	2	137104000		0306	001			0	0		部	8		0		0		0	8.00	18810	167200	167200	150480	164000	0	0	汰換個人電腦。									0	355	310	0	0001				0016	陳冠宇	1031013	BGT
3-13-35	0	03124		104	03124	2	137104000		0306	002			0	0		年	1		0		0		0	1.00	149787	166430	166430	149787	166430	0	0	電腦周邊設備及零組件。									0	355	310	0	0002				0017	陳冠宇	1031013	BGT
3-13-35	0	03124		104	03124	2	137104000		0306	003			0	0		年	1		0		0		0	1.00	49590	55100	55100	49590	53105	0	0	套裝軟體。									0	357	310	0	0003				0010	陳冠宇	1031013	BGT
3-14-40	0	03125		104	03125	2	137104000		0306	001			0	0		部	8		0		0		0	8.00	18810	167200	167200	150480	164000	0	0	汰換個人電腦。									0	355	310	0	0001				0016	王凱立	1031013	BGT
3-14-40	0	03125		104	03125	2	137104000		0306	002			0	0		年	1		0		0		0	1.00	142650	158500	158500	142650	158500	0	0	電腦周邊設備及零組件。									0	355	310	0	0002				0017	王凱立	1031013	BGT
3-14-40	0	03125		104	03125	2	137104000		0306	003			0	0		年	1		0		0		0	1.00	25810	28678	28678	25810	31878	0	0	套裝軟體。									0	357	310	0	0003				0010	王凱立	1031013	BGT
3-15-41	0	03126		104	03126	2	137104000		0306	001			0	0		部	10		0		0		0	10.00	18810	209000	209000	188100	205000	0	0	汰換個人電腦。									0	355	310	0	0001				0016	林錦漢	1031013	BGT
3-15-41	0	03126		104	03126	2	137104000		0306	002			0	0		年	1		0		0		0	1.00	154350	171500	171500	154350	163500	0	0	電腦周邊設備及零組件。									0	355	310	0	0002				0017	林錦漢	1031013	BGT
3-15-41	0	03126		104	03126	2	137104000		0306	003			0	0		年	1		0		0		0	1.00	54000	60000	60000	54000	58000	0	0	套裝軟體。									0	357	310	0	0003				0010	林錦漢	1031013	BGT
4-1-103	0	04101		104	04101	2	140202020		0306	001			0	0	0301	部	38		0		0		0	38.00	20900	794200	794200	794200	779000	0	0	汰換個人電腦。								依標準增列。	1	355	310	0	0024	0	0	0	0016	郭明清	1030604	BGT
4-1-103	0	04101		104	04101	2	140202020		0306	002			0	0		組	1		0		0		0	1.00	405128	405128	405128	405128	435600	0	0	電腦周邊設備及零組件。								核實減列。	0	355	310	0	0025	0	0	0	0017	郭明清	1030604	BGT
4-1-103	0	04101		104	04101	2	140202020		0306	003			0	0		年	1		0		0		0	1.00	100000	100000	100000	100000	100000	0	0	套裝軟體。								核實編列。	0	357	310	0	0026	0	0	0	0010	郭明清	1030411	BGT
4-1-103	0	04101		104	04101	2	140202020		0306	004			0	0	0308	部	2		0		0		0	2.00	136800	273600	273600	273600	0	0	0	汰換中階伺服器。								汰換GIS97年購置AP及DB中高階伺服器。	1	355	310	0	0027	0	0	0	0010	郭明清	1030411	BGT
4-2-100	0	04102		104	04102	2	140205002		0306	001			0	0		年	1		0		0		0	1.00	950000	950000	950000	950000	950000	0	0	購置套裝軟體。									0	357	310	0	0040				0010	沈麗美	1030311	BGT
4-2-100	0	04102		104	04102	2	140205002		0306	002			0	0		部	250		0		0		0	250.00	15676	3919000	3919000	3919000	3632500	0	0	汰換個人電腦主機(不含螢幕)。								97年購置之個人電腦HP DC7800SFF與98年購置之個人電腦HP DX7400SFF，計408部，已屆汰換年限且速度緩慢，另配合政府組態基準(GCB)政策，須升級作業系統為WINDOWS7，為免影響服務品質及確保電腦安全，亟需汰換。	0	355	310	0	0041				0016	方世玲	1030603	BGT
4-2-100	0	04102		104	04102	2	140205002		0306	003			0	0		部	250		0		0		0	250.00	5224	1306000	1306000	1306000	955200	0	0	汰換液晶螢幕。								95年購置之SAMSUNG 713N 液晶螢幕與96年購置ASUS MM17DE-B螢幕，計605部，螢幕老舊顯示效果不佳且已屆汰換年限，影響服務品質，亟需汰換。	0	355	310	0	0042				0017	方世玲	1030603	BGT
4-2-100	0	04102		104	04102	2	140205002		0306	004			0	0		部	2		0		0		0	2.00	133902	267804	267804	267804	486300	0	0	汰換中階伺服器。								97年購置之中階伺服器IBM System x3400，計2部，因效能不足已不符系統使用需求且屆汰換年限，提供表單線上申請、內網防毒使用以強化系統服務品質。	0	355	310	0	0043				0018	方世玲	1030311	BGT
4-2-100	0	04102		104	04102	2	140205002		0306	005			0	0		部	2		0		0		0	2.00	712000	1424000	1424000	1424000	650320	0	0	汰換磁碟機組。								96年及97年購置之備援磁碟機組-甲EMC CX300，計2部，因效能不足已不符系統使用需求且屆汰換年限，提供地方建置案資料庫、報表及系統Log等資料備份使用，以強化系統服務品質。	0	355	310	0	0044				0017	方世玲	1030312	BGT
4-2-100	0	04102		104	04102	2	140205002		0306	006			0	0		式	1		0		0		0	1.00	253275	253275	253275	253275	1205876	0	0	汰換網路設備。								88年購置之網路交換器 D-LINK DFE-2616x，89年購置之高速以太網路集線器 DFE-2616x，計33部，已屆汰換年限且經常故障，影響網路服務品質，亟需汰換。	0	355	310	0	0045				0017	方世玲	1030311	BGT
4-2-100	0	04102		104	04102	2	140205002		0306	007			0	0		部	26		0		0		0	26.00	9751	253526	253526	253526	0	0	0	汰換掃描器。								93年購置之彩色掃描器Microtek ScanMaker 5800+ ADF及97年購置之自動掃描器Microtek全友電腦ScanMaker5950，計26部，已屆汰換年限且經常故障，影響服務品質，亟需汰換。	0	355	310	0	0046	0	0	0	0017	方世玲	1030312	BGT
4-2-101	0	04102		104	04102	2	140205002		0306	008			0	0		部	30		0		0		0	30.00	12302	369060	369060	369060	0	0	0	汰換A4高階雷射印表機。								95年購置之A4高階雷射印表機HP LaserJet 2420N、(雙面)HP LaserJet 2430DTN，計60部，已屆汰換年限且經常故障，影響服務品質，亟需汰換。	0	355	310	0	0047	0	0	0	0017	方世玲	1030603	BGT
4-2-101	0	04102		104	04102	2	140205002		0306	009			0	0		部	51		0		0		0	51.00	6983	356133	356133	356133	0	0	0	汰換A3高階噴墨印表機。								92年購置之A3彩色噴墨印表機型號HP 1180C ，設備已屆汰換年限且老舊無法支援Windows 7作業系統，擬汰換51台配置於各科室及分處使用。	0	355	310	0	0048	0	0	0	0017	方世玲	1030312	BGT
4-2-101	0	04102		104	04102	2	140205002		0306	010			0	0		式	1		0		0		0	1.00	295974	295974	295974	295974	0	0	0	外網核心交換器管理模組。								外網核心交換器目前僅一組管理模組，增購一模組供備援使用。	0	355	310	0	0049	0	0	0	0017	王怡人	1030312	BGT
4-2-101	0	04102		104	04102	2	140205002		0306	011			0	0		臺	27		0		0		0	27.00	24150	652050	652050	652050	0	0	0	汰換土地增值稅、契稅收文條碼印表機。								原95年購置土地增值稅、契稅收件條碼機已逾保存年限5年，擬汰換分處26臺總處1臺，以增進申報案件處理時效，提高稅務行政效率，並節省稽徵成本。	0	355	310	0	0050	0	0	0	0017	洪麗玲	1030312	BGT
4-2-101	0	04102		104	04102	2	140205002		0306	012			0	0		個	13		0		0		0	13.00	42712	555256	555256	555256	0	0	0	土地增值稅及契稅申報案件稅務影像掃描作業─購置打印器。								土增稅及契稅申報案件影像掃描，結合稅務影像管理系統，為能夠將已掃瞄過的申報案件打上識別號碼或是流水序號等字元，故另於掃瞄器內加裝打印器，以便提供日後查驗縮短調閱時程，配置於13分處使用。	0	355	310	0	0051	0	0	0	0017	蔡(木宛)儒	1030403	BGT
5-2-119	0	05112		104	05112	2	227104002		0306	002			0	0		部	95		0		0		0	95.00	20900	1985500	1985500	1985500	0	0	0	個人電腦。									0	355	310	0	0002				0016	劉欣華	1030616	BGT
5-2-119	0	05112		104	05112	2	227104002		0306	003			0	0		年	1		0		0		0	1.00	1338000	1338000	1338000	1338000	0	0	0	周邊設備及電腦零組件。									0	355	310	0	0003				0017	劉欣華	1030319	BGT
5-2-120	0	05112		104	05112	2	227104002		0306	004			0	0		年	1		0		0		0	1.00	240000	240000	240000	240000	0	0	0	套裝軟體。									0	357	310	0	0004				0010	劉欣華	1030319	BGT
5-2-120	0	05112		104	05112	2	227104002		0306	006			0	0		式	1		0		0		0	1.00	3500000	3500000	3500000	3500000	0	0	0	FastBook全自動借還書服務站建置計畫。									0	355	310	0	0005				0020	劉欣華	1030325	BGT
5-2-120	0	05112		104	05112	2	227104002		0306	007			0	0		臺	10		0		0		0	10.00	750000	7500000	7500000	7500000	0	0	0	自助借還書機。									0	355	310	0	0006				0020	劉欣華	1030325	BGT
5-2-120	0	05112		104	05112	2	227104002		0306	011			0	0		式	1		0		0		0	1.00	2410000	2410000	2410000	2410000	0	0	0	智慧型圖書館建置計畫。									0	355	310	0	0007				0020	劉欣華	1030616	BGT
5-2-120	0	05112		104	05112	2	227104002		0306	012			0	0		式	1		0		0		0	1.00	2600000	2600000	2600000	2600000	0	0	0	24小時智慧型還書箱暨自動分揀系統建置計畫。									0	355	310	0	0008	0	0	0	0020	劉欣華	1030616	BGT
5-3-132	0	05113		104	05113	2	227104000		0306	001			0	0		式	1		0		0		0	1.00	450000	2249200	450000	450000	450000	0	0	空間結構資訊化建置案第三期(資訊室)。									0	357	310	1	0018				0015	尹宥惠	1030630	BGT
5-3-132	0	05113		104	05113	2	227104000		0306	002			0	0		式	1		0		0		0		90000	90000	90000	90000	90000	0	0	主題教育活動行銷網頁設計製作（推廣組）。									0	357	310	0	0019				0015	唐欣潔	1030419	BGT
5-3-132	0	05113		104	05113	2	227104000		0306	003			0	0		部	19		0		0		0	19.00	20900	389500	397100	397100	389500	0	0	汰換個人電腦（資訊室）。									0	355	310	0	0020				0016	李介文	1030630	BGT
5-3-133	0	05113		104	05113	2	227104000		0306	004			0	0		年	1		0		0		0	1.00	252500	302300	252500	252500	302300	0	0	電腦周邊設備及零組件（資訊室）。									0	355	310	0	0021				0017	李介文	1030630	BGT
5-3-133	0	05113		104	05113	2	227104000		0306	005			0	0		年	1		0		0		0	1.00	90000	90000	90000	90000	90000	0	0	購置合法使用原版套裝軟體（資訊室）。									0	357	310	0	0022				0010	李介文	1030421	BGT
5-3-133	0	05113		104	05113	2	227104000		0306	006			0	0		部	1		0		0		0	1.00	800000	307500	800000	800000	0	0	0	伺服器（資訊室）。									0	355	310	1	0023	0	0	0	0017	李介文	1030630	BGT
5-4-63	0	05114		104	05114	2	227104000		0306	001			0	0	0301	部	13		0		0		0	13.00	20900	271700	271700	271700	184500	0	0	汰換個人電腦。									1	355	310	0	0005				0016	楊曄群	1030612	BGT
5-4-63	0	05114		104	05114	2	227104000		0306	002			0	0		年	1		0		0		0	1.00	166500	192500	166500	166500	166500	0	0	電腦周邊設備及零組件。									0	355	310	0	0006				0017	楊曄群	1030612	BGT
5-4-63	0	05114		104	05114	2	227104000		0306	003			0	0		年	1		0		0		0		60000	60000	60000	60000	60000	0	0	套裝軟體。									0	357	310	0	0007				0010	楊曄群	1030311	BGT
5-5-26	0	05117		104	05117	2	227104000		0306	001			0	0		組	3		0		0		0	3.00	5500	16500	16500	16500	24000	0	0	電腦周邊設備及零組件。									0	355	310	0	0001					楊鎮鴻	1030620	BGT
5-5-26	0	05117		104	05117	2	227104000		0306	002			0	0		部	3		0		0		0	3.00	20900	62700	62700	62700	61500	0	0	個人電腦。								因應業務需要增列。	0	355	310	0	0002					楊鎮鴻	1030422	BGT
5-5-26	0	05117		104	05117	2	227104000		0306	003			0	0	0304	組	8		0		0		0	8.00	1500	12000	12000	12000	12000	0	0	原有電腦周邊設備及零組件。									1	355	310	0	0003					楊鎮鴻	1030422	BGT
5-6-52	0	05118		104	05118	2	227104000		0306	001			0	0	0301	部	8		0		0		0	8.00	20900	167200	167200	167200	0	0	0	汰換個人電腦。								待專案核可	1	355	310	0	0001				0016	張美珠	1030625	BGT
5-6-52	0	05118		104	05118	2	227104000		0306	002			0	0		組	62		0		0		0	62.00	1500	93000	93000	93000	0	0	0	原有電腦之周邊設備及零組件。								待專案核可	1	355	310	0	0002				0017	張美珠	1030427	BGT
5-6-52	0	05118		104	05118	2	227104000		0306	003			0	0		組	9		0		0		0	9.00	1500	13500	13500	13500	0	0	0	新增電腦之周邊設備及零組件。								待專案核可	0	355	310	0	0003				0017	張美珠	1030418	BGT
5-6-52	0	05118		104	05118	2	227104000		0306	004			0	0		年	1		0		0		0	1.00	131522	131522	131522	131522	0	0	0	電腦套裝軟體。								待專案核可	0	357	310	0	0004				0010	張美珠	1030418	BGT
5-6-52	0	05118		104	05118	2	227104000		0306	005			0	0	0301	部	62		0		0		0	62.00	20900	1295800	1295800	1295800	0	0	0	教室及研討室學員用個人電腦(數位體驗教室建置案)。								待專案核可	1	355	310	0	0005	0	0	0	0016	張美珠	1030704	BGT
5-6-52	0	05118		104	05118	2	227104000		0306	006			0	0		部	2		0		0		0	2.00	20900	41800	41800	41800	0	0	0	講師中控使用及錄製數位教學內容電腦(數位體驗教室建置案)。								待專案核可	0	355	310	0	0006	0	0	0	0016	張美珠	1030704	BGT
5-6-52	0	05118		104	05118	2	227104000		0306	007			0	0		年	1		0		0		0	1.00	449860	449860	449860	449860	0	0	0	3D繪圖套裝軟體(數位體驗教室建置案)。								待專案核可	0	357	310	0	0007	0	0	0	0010	張美珠	1030704	BGT
5-6-52	0	05118		104	05118	2	227104000		0306	010			0	0		套	1		0		0		0	1.00	160000	160000	160000	160000	0	0	0	教學使用軟體廣播設備(數位體驗教室建置案)。								待專案核可	0	355	310	0	0008	0	0	0	0010	張美珠	1030704	BGT
5-6-53	0	05118		104	05118	2	227104000		0306	011			0	0		部	1		0		0		0	1.00	38700	38700	38700	38700	0	0	0	汰換伺服器主機。								待專案核可	0	355	310	0	0009	0	0	0	0010	張美珠	1030625	BGT
6-1-147	0	06101		104	06101	2	317104000		0306	001			0	0		部	30		0		0		0	30.00	20900	627000	627000	627000	615000	0	0	汰換個人電腦。								104年度汰換98年(含)以前購置電腦30部	0	355	310	0	0003				0016	林美娜	1030304	BGT
6-1-147	0	06101		104	06101	2	317104000		0306	002			0	0		年	1		0		0		0	1.00	508000	508000	508000	508000	508000	0	0	電腦周邊設備及零組件。									0	355	310	0	0004				0017	林美娜	1030304	BGT
6-1-147	0	06101		104	06101	2	317104000		0306	003			0	0		年	1		0		0		0	1.00	188000	188000	188000	188000	150000	0	0	電腦套裝軟體等相關費用。								依實際需求覈實編列	0	357	310	0	0005				0010	林美娜	1030304	BGT
6-2-87	0	06102		104	06102	2	317104002		0306	001			0	0		年	1		0		0		0	1.00	141000	141000	141000	141000	141000	0	0	電腦周邊設備及零組件。								依業務實際需求編列	0	355	310	0	0001				0017	詹俐芳	1030403	BGT
6-2-87	0	06102		104	06102	2	317104002		0306	002			0	0		年	1		0		0		0	1.00	78000	78000	78000	78000	78000	0	0	電腦套裝軟體。								依業務實際需求編列	0	357	310	0	0002				0010	詹俐芳	1030403	BGT
6-2-87	0	06102		104	06102	2	317104002		0306	003			0	0		部	11	月	12		0		0	11.00×12.00	1460	192720	192720	192720	192000	0	0	租賃個人電腦。								依業務實際需求增編	0	355	310	0	0003				0020	詹俐芳	1030403	BGT
6-2-87	0	06102		104	06102	2	317104002		0306	004			0	0		臺	3		0		0		0	3.00	20900	62700	62700	62700	61500	0	0	筆記型電腦								依業務實際需求增編	0	355	310	0	0004				0016	詹俐芳	1030403	BGT
6-2-87	0	06102		104	06102	2	317104002		0306	005			0	0		臺	20		0		0		0	20.00	20900	418000	418000	418000	143500	0	0	桌上型個人電腦設備								汰換97年購置電腦暨因應產保組需求	0	355	310	0	0005				0016	詹俐芳	1030403	BGT
6-2-87	0	06102		104	06102	2	317104002		0306	008	'		0	0		式	1		0		0		0	1.00	920000	980000	920000	920000	0	0	0	關渡自然公園實景導覽系統。								依業務實際需求編列	0	359	310	0	0006	0	0	0	0017	李海瑞	1030630	BGT
6-3-60	0	06103		104	06103	2	317104000		0306	001			0	0		部	35		0		0		0	35.00	20900	1086800	731500	731500	635500	0	0	汰換個人電腦。								依標準編列。103年汰換31部，104年汰換35部。	0	355	310	0	0001				0016	溫玉琴	1030626	BGT
6-3-60	0	06103		104	06103	2	317104000		0306	002			0	0		組	1		0		0		0	1.00	527725	692000	527725	527725	487725	0	0	電腦周邊設備及零組件。								依標準編列。103年汰換31部，104年汰換35部。	0	355	310	0	0002				0017	溫玉琴	1030626	BGT
6-3-60	0	06103		104	06103	2	317104000		0306	003			0	0		年	1		0		0		0	1.00	36162	36162	36162	36162	39594	0	0	套裝軟體。								依標準編列。購買Adobe Acrobat Professional XI套裝軟體2套。	0	357	310	0	0003				0010	溫玉琴	1030312	BGT
6-4-70	0	06104		104	06104	2	347104000		0306	001			0	0		年	1		0		0		0	1.00	422800	422800	422800	422800	360400	0	0	電腦周邊設備及零組件。								依標準編列新購電腦每部分配8,000元；原有電腦機關員額數100人(含)以上每部電腦分配額度1,200元(26*8,000)+(179*1,200)。	0	355	310	0	0001				0017	潘俊良、邱德政	1030225	BGT
6-4-70	0	06104		104	06104	2	347104000		0306	002			0	0		年	1		0		0		0	1.00	192890	192890	192890	192890	350367	0	0	電腦套裝軟體。								依業務需求覈實減列。	0	357	310	0	0002				0010	鍾瑞華、邱德政	1030225	BGT
6-4-70	0	06104		104	06104	2	347104000		0306	003			0	0	0301	部	23		0		0		0	23.00	20900	480700	480700	480700	533000	0	0	汰換個人電腦。								汰換97年及98年購置之個人電腦。	1	355	310	0	0003				0016	潘俊良、邱德政	1030613	BGT
7-1-59	0	07101		104	07101	2	327104000		0306	001			0	0		部	36		0		0		0	36.00	20900	752400	752400	752400	738000	0	0	汰換個人電腦(含筆記型電腦)。									0	355	310	0	0003				0016	楊恩銘	1030314	BGT
7-1-59	0	07101		104	07101	2	327104000		0306	002			0	0		年	1		0		0		0	1.00	519600	519600	519600	519600	488000	0	0	電腦周邊設備及零組件(分批)。										355	310	0	0004				0017	楊恩銘	1030717	BGT
7-1-59	0	07101		104	07101	2	327104000		0306	003			0	0		年	1		0		0		0	1.00	180000	180000	180000	180000	180000	0	0	套裝軟體(分批)。										357	310	0	0005				0010	李惠玲	1030717	BGT
7-2-89	0	07102		104	07102	2	317104000		0306	001			0	0		部	59		0		0		0	59.00	20900	1504800	1233100	1233100	1209500	0	0	汰換個人電腦。								102年進用人數最高之月份職員人數較101年度新增13人，已酌予減編	0	355	310	0	0004				0016	張秋民	1030626	BGT
7-2-89	0	07102		104	07102	2	317104000		0306	002			0	0		年	1		0		0		0	1.00	794721	1004400	794721	794721	848000	0	0	電腦周邊設備及零組件。								依市府標準單價編列，惟汰換及原有電腦數增加	0	355	310	0	0005				0017	張秋民	1030925	BGT
7-2-89	0	07102		104	07102	2	317104000		0306	003			0	0		年	1		0		0		0	1.00	444000	844000	444000	444000	74700	0	0	套裝軟體。								依實際需求編列	0	357	310	0	0006				0010	吳淑芳	1030626	BGT
7-3-96	0	07103		104	07103	2	337104000		0306	001			0	0		部	140		0		0		0	140.00	20900	2926000	2926000	2926000	2870000	0	0	汰換個人電腦(分批)。								依業務需要增列。	0	355	310	0	0005				0016	曾淑敏	1030610	BGT
7-3-96	0	07103		104	07103	2	337104000		0306	002			0	0		部	2		0		0		0	2.00	293500	587000	587000	587000	162100	0	0	汰換伺服器。								依業務需要增列。	0	355	310	0	0006				0018	曾淑敏	1030610	BGT
7-3-96	0	07103		104	07103	2	337104000		0306	003			0	0		部	1		0		0		0	1.00	136800	136800	136800	136800	0	0	0	汰換伺服器。								依業務需要增列。	0	355	310	0	0007	0	0	0	0018	曾淑敏	1030612	BGT
7-3-96	0	07103		104	07103	2	337104000		0306	004			0	0		年	1		0		0		0	1.00	1140000	1140000	1140000	1140000	1140000	0	0	電腦周邊設備及零組件(分批)。								依業務需要增列。	0	355	310	0	0008				0017	曾淑敏	1030610	BGT
7-3-97	0	07103		104	07103	2	337104000		0306	005			0	0		年	1		0		0		0	1.00	420000	420000	420000	420000	270000	0	0	工程業務軟體(分批)。								依業務需要增列。	0	357	310	0	0009				0020	曾淑敏	1030225	BGT
7-3-97	0	07103		104	07103	2	337104000		0306	006			0	0		年	1		0		0		0	1.00	180000	180000	180000	180000	91395	0	0	電腦套裝軟體(分批)。								依業務需要增列。	0	357	310	0	0010				0010	曾淑敏	1030225	BGT
7-4-118	0	07104		104	07104	2	517104000		0306	001			0	0	0301	部	56		0		0		0	56.00	20900	1483900	1170400	1170400	1168500	0	0	汰換個人電腦。									1	355	310	0	0015				0016	張國慶	1030627	BGT
7-4-118	0	07104		104	07104	2	517104000		0306	002			0	0		年	1		0		0		0	1.00	821760	1170000	821760	821760	728460	0	0	電腦周邊設備及零組件。								103年新購電腦使用	0	355	310	0	0016				0017	張國慶	1030627	BGT
7-4-118	0	07104		104	07104	2	517104000		0306	003			0	0		年	1		0		0		0	1.00	400000	650000	400000	400000	380000	0	0	電腦套裝軟體。									0	357	310	0	0017				0010	張國慶	1030627	BGT
7-4-118	0	07104		104	07104	2	517104000		0306	004			0	0		套	1		0		0		0	1.00	2250000	1850000	2250000	2250000	0	0	0	臺北市行道樹及公園設施行動化查報系統。									0	359	310	1	0018				0020	尹麗燕	1030627	BGT
7-4-118	0	07104		104	07104	2	517104000		0306	005			0	0		套	1		0		0		0	1.00	2000000	1750000	2000000	2000000	0	0	0	臺北市公園土地管理系統。									0	359	310	1	0019	0	0	0	0020	尹麗燕	1030627	BGT
7-5-104	0	07105		104	07105	2	527104000		0306	001			0	0	0301	部	50		0		0		0	50.00	20900	1045000	1045000	1045000	1025000	0	0	汰換個人電腦。									1	355	310	0	0001				0016	黃惠珠	1030428	BGT
7-5-104	0	07105		104	07105	2	527104000		0306	002			0	0		年	1		0		0		0	1.00	734794	734794	734794	734794	300000	0	0	電腦周邊設備及零組件。									0	355	310	0	0002				0017	黃惠珠	1030527	BGT
7-5-104	0	07105		104	07105	2	527104000		0306	006			0	0		臺	1		0		0		0	1.00	906000	906000	906000	906000	0	0	0	汰換儲存系統。									0	355	310	0	0003	0	0	0	0017	黃惠珠	1030317	BGT
7-5-104	0	07105		104	07105	2	527104000		0306	007			0	0		年	1		0		0		0	1.00	85320	85320	85320	85320	0	0	0	套裝軟體。									0	357	310	0	0004	0	0	0	0017	黃惠珠	1030714	BGT
7-6-113	0	07106		104	07106	2	317104000		0306	001			0	0		部	15		0		0		0	15.00	20900	313500	313500	313500	348500	0	0	汰換個人電腦。									0	355	310	0	0003				0016	潘彥華	1030702	BGT
7-6-113	0	07106		104	07106	2	317104000		0306	002			0	0		年	1		0		0		0	1.00	250000	250000	250000	250000	241200	0	0	電腦周邊設備及零組件。								配合本處員額增加，依據104年度臺北市地方總預算各機關購置電腦及其相關設備編列基準審查表編列。	0	355	310	0	0004				0017	潘彥華	1030612	BGT
8-1-86	0	08101		104	08101	2	337104000		0306	001			0	0	0301	部	24		0		0		0	24.00	20900	501600	501600	501600	680000	0	0	汰換個人電腦。								業務需求增加	1	355	310	0	0001				0016	陳囿全	1030616	BGT
8-1-86	0	08101		104	08101	2	337104000		0306	002			0	0		年	1		0		0		0	1.00	430000	459200	430000	430000	459200	0	0	電腦周邊設備及零組件。								增防火牆及汰換負載平衡採購	2	355	310	0	0002				0017	陳囿全	1030917	BGT
8-1-86	0	08101		104	08101	2	337104000		0306	003			0	0	0308	部	1		0		0		0	1.00	136800	136800	136800	136800	162100	0	0	汰換伺服器1台。								伺服器老舊汰換	1	355	310	0	0003				0018	陳囿全	1030616	BGT
8-1-86	0	08101		104	08101	2	337104000		0306	005			0	0	0308	部	1		0		0		0	1.00	136800	136800	136800	136800	0	0	0	新購伺服器1台。								易肇事系統新購伺服器	1	355	310	0	0004	0	0	0	0018	陳囿全	1030422	BGT
8-1-86	0	08101		104	08101	2	337104000		0306	006			0	0		年	1		0		0		0	1.00	111763	151129	111763	111763	124018	0	0	電腦套裝軟體費用。								業務需求增加	2	357	310	0	0005	0	0	0	0010	陳囿全	1030917	BGT
8-1-86	0	08101		104	08101	2	337104000		0306	007			0	0		部	1		0		0		0	1.00	900000	900000	900000	900000	0	0	0	廣域網路負載平衡器。										355	310	0	0006				0017	陳俊宇	1030616	BGT
8-2-40	0	08103		104	08103	2	337104000		0306	001			0	0		部	17		0		0		0	17.00	20273	355300	344641	344641	357930	0	0	購置個人電腦。								依編列基準編列	0	355	310	0	0001				0016	莊郁文	1030918	BGT
8-2-40	0	08103		104	08103	2	337104000		0306	002			0	0		組	1		0		0		0	1.00	240075	247500	240075	240075	240075	0	0	電腦周邊設備及零組件。								依編列基準編列	0	355	310	0	0002				0017	莊郁文	1030918	BGT
8-3-58	0	08104		104	08104	2	337104000		0306	001			0	0		部	23		0		0		0	23.00	20273	480700	466279	466279	471500	0	0	汰換個人電腦。								依編審要點編列	0	355	310	0	0002					洪靜誼	1030917	BGT
8-3-58	0	08104		104	08104	2	337104000		0306	002			0	0		年	1		0		0		0	1.00	251618	259400	251618	251618	244473	0	0	電腦周邊設備及零組件。								依編審要點編列	0	355	310	0	0003					洪靜誼	1030917	BGT
8-3-58	0	08104		104	08104	2	337104000		0306	003			0	0		年	1		0		0		0	1.00	69811	71970	69811	69811	179240	0	0	套裝軟體。										357	310	0	0004					洪靜誼	1030917	BGT
8-3-58	0	08104		104	08104	2	337104000		0306	006			0	0		式	1		0		0		0	1.00	910340	932000	910340	910340	0	0	0	行動號誌設施故障維修管理系統。										357	310	0	0005	0	0	0		陳弘笙	1030917	BGT
8-3-58	0	08104		104	08104	2	337104000		0306	007	'		0	0		臺	6		0		0		0	6.00	13500	120000	81000	81000	0	0	0	行動號誌設施故障維修用手持平板設備。										355	310	0	0006	0	0	0		陳弘笙	1030917	BGT
8-4-107	0	08105		104	08105	2	337104000		0306	001			0	0		年	1		0		0		0	1.00	255600	255600	255600	255600	255600	0	0	電腦周邊設備及零組件。									0	355	310	0	0002				0017	黃偉程	1030227	BGT
8-4-107	0	08105		104	08105	2	337104000		0306	002			0	0		部	24		0		0		0	24.00	20900	501600	501600	501600	328000	0	0	汰換個人電腦。								104年度已屆汰換年限數量為24台。	0	355	310	0	0003				0016	黃偉程	1030613	BGT
8-4-107	0	08105		104	08105	2	337104000		0306	003			0	0		年	1		0		0		0		178200	178200	178200	178200	178200	0	0	套裝軟體。									0	357	310	0	0004				0010	黃偉程	1030219	BGT
8-4-107	0	08105		104	08105	2	337104000		0306	004			0	0		式	1		0		0		0	1.00	847000	847000	847000	847000	1577773	0	0	汰換及擴充公車動態資訊系統監控中心周邊設備及零組件。								104年規劃部分系統移至雙北市雲端案編列。	0	355	310	0	0005				0017	黃偉程	1030223	BGT
8-4-107	0	08105		104	08105	2	337104000		0306	005			0	0		式	1		0		0		0	1.00	985204	1070800	985204	985204	1546800	0	0	汰換及擴充公車動態資訊系統監控中心伺服器及軟體更新。								104年規劃部分系統移至雙北市雲端案編列。	0	355	310	0	0006				0018	黃偉程	1030917	BGT
8-5-67	0	08108		104	08108	2	337104000		0306	001			0	0		部	36		0		0		0	36.00	20273	752400	752400	729828	715860	0	0	汰換個人電腦。								依標準增列。	0	355	310	0	0001				016	莊李福	1031014	BGT
8-5-67	0	08108		104	08108	2	337104000		0306	002			0	0		年	1		0		0		0	1.00	566868	584400	584400	566868	480534	0	0	電腦周邊設備及零組件。								依標準增列。	0	355	310	0	0002				0017	莊李福	1031014	BGT
8-5-67	0	08108		104	08108	2	337104000		0306	003			0	0		年	1		0		0		0	1.00	269660	378000	278000	269660	271600	0	0	套裝軟體。								覈實增列。	0	357	310	0	0003				0010	莊李福	1031014	BGT
8-5-67	0	08108		104	08108	2	337104000		0306	007			0	0		式	1		0		0		0	1.00	873000	900000	900000	873000	0	0	0	鑑定業務系統更新開發計畫。								鑑定業務系統建置迄今已逾12餘年，因原開發廠商業已不存在，且多項功能不符需求，維護困難亦無法擴增功能；爰此，為維持本所鑑定系統正常運作，擬改版開發鑑定業務系統。	0	355	310	0	0004	0	0	0	0020	郭獻文	1031014	BGT
8-5-67	0	08108		104	08108	2	337104000		0306	008			0	0		式	1		0		0		0	1.00	242500	250000	250000	242500	0	0	0	指駕案件作業系統功能擴增。								指駕案件作業系統擬新增長租車指駕案件管理，縮短同仁案件處理時間,提升工作效率。	0	355	310	0	0005	0	0	0	0020	莊李福	1031014	BGT
8-5-68	0	08108		104	08108	2	337104000		0306	009			0	0		式	1		0		0		0	1.00	1407470	1521000	1451000	1407470	0	0	0	裁決業務資訊系統擴增案計畫。								擴增催收作業功能，整併影像檔案功能，並介接第3代公路監理系統資料，簡化業務流程，以提升作業效率。	0	355	310	0	0006	0	0	0	0020	莊李福	1031014	BGT
9-1-192	0	09101		104	09101	2	437104000		0306	001			0	0	0301	部	105		0		0		0	105.00	20900	2194500	2194500	2194500	2767500	0	0	個人電腦。									1	355	310	0	0001				0016	吳郁玫	1030610	BGT
9-1-192	0	09101		104	09101	2	437104000		0306	002			0	0		年	1		0		0		0	1.00	1335550	1335550	1335550	1335550	1007500	0	0	電腦周邊設備及零組件。									0	355	310	0	0002				0017	吳郁玫	1030610	BGT
9-1-192	0	09101		104	09101	2	437104000		0306	003			0	0		年	1		0		0		0	1.00	500000	500000	500000	500000	500000	0	0	套裝軟體。									0	357	310	0	0003				0010	王崇祐	1030306	BGT
9-1-192	0	09101		104	09101	2	437104000		0306	004			0	0	0308	部	2		0		0		0	2.00	136800	273600	273600	273600	162100	0	0	中階伺服器。									1	355	310	0	0004				0018	吳郁玫	1030624	BGT
9-1-192	0	09101		104	09101	2	437104000		0306	005			0	0		式	1		0		0		0	1.00	2089635	2800000	2800000	2089635	0	0	0	社福資訊系統資料庫升級。									0	357	310	0	0005	0	0	0	0020	陳義隆	1031009	BGT
9-2-46	0	09102		104	09102	2	437104000		0306	001			0	0	0301	部	22		0		0		0	22.00	20900	501600	459800	459800	369000	0	0	個人電腦。									1	355	310	0	0001				0016	李漢彬	1030616	BGT
9-2-46	0	09102		104	09102	2	437104000		0306	002			0	0		年	1		0		0		0	1.00	143550	236301	220301	143550	124301	0	0	電腦周邊設備及零組件。									0	355	310	0	0002				0017	李漢彬	1031014	BGT
9-2-46	0	09102		104	09102	2	437104000		0306	003			0	0		年	1		0		0		0	1.00	87400	87400	87400	87400	87400	0	0	套裝軟體。									0	357	310	0	0003				0010	李漢彬	1030223	BGT
9-3-54	0	09103		104	09103	2	437104000		0306	001			0	0	0301	部	10		0		0		0	10.00	20900	209000	209000	209000	205000	0	0	汰換個人電腦。								核實增列。	1	355	310	0	0001				0016	郭佩瑩	1030414	BGT
9-3-54	0	09103		104	09103	2	437104000		0306	002			0	0		年	1		0		0		0	1.00	205000	251000	251000	205000	160000	0	0	電腦周邊設備及零組件。								核實增列。	0	355	310	0	0002				0017	郭佩瑩	1031009	BGT
9-4-32	0	09104		104	09104	2	437104000		0306	001			0	0		部	20		0		0		0	20.00	20530	480700	410600	410600	656000	0	0	汰換個人電腦。								覈實減列	0	355	310	0	0001					張盈宜	1031014	BGT
9-4-32	0	09104		104	09104	2	437104000		0306	002			0	0		年	1		0		0		0		110000	110000	110000	110000	110000	0	0	電腦周邊設備及零組件。									0	355	310	0	0002					張盈宜	1030218	BGT
9-4-32	0	09104		104	09104	2	437104000		0306	003			0	0		年	1		0		0		0		10300	10300	10300	10300	10300	0	0	套裝軟體。									0	357	310	0	0003					張盈宜	1030218	BGT
9-4-32	0	09104		104	09104	2	437104000		0306	004			0	0		年	1		0		0		0	1.00	100000	100000	100000	100000	95135	0	0	網頁製作及維護費用。								覈實增列	0	359	310	0	0004					張盈宜	1030226	BGT
10-1-78	0	10101		104	10101	2	437104000		0306	001			0	0		部	33		0		0		0	33.00	17030	689700	689700	561990	553500	0	0	汰換個人電腦。　　　　　　　　　								依編列標準，每臺電腦可編列20,900元，依機關員額數165人五分之一編列，可編列33臺，33臺*20,900元=689,700元	0	355	310	0	0003				0016	吳振維	1031009	BGT
10-1-78	0	10101		104	10101	2	437104000		0306	002			0	0		年	1		0		0		0	1.00	422400	422400	422400	422400	390000	0	0	電腦周邊設備及零組件。　　　　　　　								依編列標準，新購電腦臺數33臺，每臺可編列8,000元，其餘電腦每臺1,200元，33臺*8,000元+(165臺-33臺)*1,200元=422,400元	0	355	310	0	0004				0017	吳振維	1031009	BGT
10-1-78	0	10101		104	10101	2	437104000		0306	003			0	0		年	1		0		0		0	1.00	165446	165496	165496	165446	165496	0	0	套裝軟體。								依實際需求編列	0	357	310	0	0005				0010	吳振維	1031009	BGT
10-2-62	0	10102		104	10102	2	447104000		0306	001			0	0	0301	部	14		0		0		0	14.00	20900	292600	292600	292600	287000	0	0	汰換個人電腦。								依標準伸算增列。	1	355	310	0	0001				0016	徐春梅	1030421	BGT
10-2-62	0	10102		104	10102	2	447104000		0306	002			0	0		年	1		0		0		0	1.00	184385	221500	184385	184385	186270	0	0	電腦周邊設備及零組件。								依標準伸算增列。	0	355	310	0	0002				0017	徐春梅	1031009	BGT
10-2-62	0	10102		104	10102	2	447104000		0306	003			0	0		年	1		0		0		0	1.00	307046	357046	307046	307046	463422	0	0	套裝軟體。								依標準編列。	0	357	310	0	0003				0010	徐春梅	1031009	BGT
10-3-46	0	10103		104	10103	2	447104001		0306	001			0	0	0301	部	118		0		0		0	118.00	20900	2466200	2466200	2466200	1394000	0	0	個人及教學用電腦汰換。								依需求增列。	1	355	310	0	0009				0016	曹盛良	1030604	BGT
10-3-46	0	10103		104	10103	2	447104001		0306	002			0	0		年	1		0		0		0	1.00	774000	774000	774000	774000	226000	0	0	電腦周邊設備及零組件。								依需求增列。	0	355	310	0	0010				0017	曹盛良	1030421	BGT
10-3-46	0	10103		104	10103	2	447104001		0306	003			0	0		年	1		0		0		0	1.00	282983	765000	765000	282983	726750	0	0	套裝軟體。									0	357	310	0	0011	0	0	0	0010	曹盛良、桂禮玲、葉慶貞	1031009	BGT
10-3-46	0	10103		104	10103	2	447104001		0306	004			0	0		年	1		0		0		0	1.00	814968	814968	814968	814968	0	0	0	教學軟體(使用於日訓職能培育互動式網頁設計)。								為互動式網頁設計相關課程所需軟體，使教學內容跟上市場需求，達到職能培育效益。	0	357	310	0	0012	0	0	0	0010	黃幾能	1030604	BGT
10-4-46	0	10105		104	10105	2	437104000		0306	001			0	0		部	17		0		0		0	17.00	20000	355300	340000	340000	307500	0	0	汰換個人電腦。								依業務實際需求覈實編列	0	355	310	0	0003				0016	廖昌永	1031013	BGT
10-4-46	0	10105		104	10105	2	437104000		0306	002			0	0		年	1		0		0		0	1.00	77097	87500	77097	77097	87500	0	0	電腦周邊設備及零組件。									0	355	310	0	0004				0017	廖昌永	1031013	BGT
10-4-46	0	10105		104	10105	2	437104000		0306	003			0	0		年	1		0		0		0	1.00	25000	48419	25000	25000	48419	0	0	套裝軟體。									0	355	310	0	0005				0010	廖昌永	1031013	BGT
10-5-42	0	10106		104	10106	2	447104000		0306	001			0	0	0301	部	4		0		0		0	4.00	20900	83600	83600	83600	61500	0	0	汰換個人電腦。								依實際需求編列	1	355	310	0	0001				0016	胡子凡	1030417	BGT
10-5-42	0	10106		104	10106	2	447104000		0306	002			0	0		年	1		0		0		0	1.00	34711	50000	50000	34711	39000	0	0	電腦周邊設備及零組件。								依實際需求編列	0	355	310	0	0002				0017	胡子凡	1031009	BGT
10-5-42	0	10106		104	10106	2	447104000		0306	003			0	0		年	1		0		0		0	1.00	19289	19289	19289	19289	14721	0	0	套裝軟體。								依實際需求編列	0	357	310	0	0003				0010	胡子凡	1030211	BGT
11-1-1-107	0	11111		104	11101	2	717104000		0306	001			0	0	0301	部	498		0		0		0	498.00	20900	10408200	10408200	10408200	24190000	0	0	汰換個人電腦498部。								汰換98年度所購498部個人電腦。	1	355	310	0	0001				0016	蔡孟軒	1030418	BGT
11-1-1-107	0	11111		104	11101	2	717104000		0306	002			0	0	0303	組	498		0		0		0	498.00	8000	3984000	3984000	3984000	9440000	0	0	新購電腦周邊設備及零組件。								同上。	1	355	310	0	0002				0017	蔡孟軒	1030312	BGT
11-1-1-107	0	11111		104	11101	2	717104000		0306	003			0	0		組	4334		0		0		0	4334.00	1200	5200800	5200800	5200800	4303200	0	0	原有電腦周邊設備及零組件、網路設備。								本局及所屬電腦數量為4,832部扣除104年度汰換數498部,計編列4,334部。	0	355	310	0	0003				0017	蔡孟軒	1030320	BGT
11-1-1-107	0	11111		104	11101	2	717104000		0306	004			0	0		式	1		0		0		0	1.00	2370000	2370000	2370000	2370000	0	0	0	汰換人事差勤管理系統。								本系統於97年間建置至今，因系統效能已不足因應現有工作，故規劃升級系統軟體。	0	355	310	0	0004				0020	劉瑜玲	1030704	BGT
11-1-1-107	0	11111		104	11101	2	717104000		0306	007			0	0		套	5		0		0		0	5.00	605000	3025000	3025000	3025000	0	0	0	汰換指紋活體掃描器(鑑識中心)。								內政部警政署於96年配發至各縣市之86套指紋活體掃描器，使用迄今已近7年，本局該項設備損壞原因皆為光學感光設備衰退，感應不良，造成指紋卡品質不良，另該項設備之電腦工作站速度過慢，當機頻傳，導致資料滅失，考量各分局使用量與頻率之不同，設備之耗損程度差異，應採逐年汰換，建議明年編列5套，優先汰換耗損程度較嚴重之分局。	0	355	310	0	0005	0	0	0	0020	張意苹	1030702	BGT
11-1-1-107	0	11111		104	11101	2	717104000		0306	008			0	0		式	1		0		0		0	1.00	14000000	14000000	14000000	14000000	0	0	0	汰換本局警用行動載具，整合運用交通違規舉發及警用資訊系統計畫案。								汰換本局之警用行動載具及購置藍芽印表機，開發交通違規舉發、警用資訊系統等應用程式，結合運用警政署相關資訊系統，提供本局各外勤單位（交通警察大隊及各分局）勤務使用，故編列預算建置。	0	355	310	0	0006	0	0	0	0020	羅尉晉	1030702	BGT
11-1-2-32	0	11121		104	11101	2	717104000		0306	001			0	0		年	1		0		0		0		30000	30000	30000	30000	30000	0	0	套裝軟體。									0	357	310	0	0001				0010	陳信源	1030305	BGT
11-1-3-32	0	11122		104	11101	2	717104000		0306	001			0	0		年	1		0		0		0		43921	43921	43921	43921	43921	0	0	套裝軟體。										357	310	0	0001				0010	陳國平	1030219	BGT
11-1-3-32	0	11122		104	11101	2	717104000		0306	002			0	0		年	1		0		0		0		9600	9600	9600	9600	9600	0	0	電腦周邊設備及零組件。									0	355	310	0	0002				0017	陳國平	1030219	BGT
11-1-4-33	0	11123		104	11101	2	717104000		0306	001			0	0		年	1		0		0		0	1.00	30000	30000	30000	30000	30000	0	0	套裝軟體。									0	357	310	0	0001				0010	朱志明	1030331	BGT
11-1-4-33	0	11123		104	11101	2	717104000		0306	002			0	0		年	1		0		0		0	1.00	4800	4800	4800	4800	4800	0	0	電腦周邊設備及零組件。									0	355	310	0	0002				0017	朱志明	1030331	BGT
11-1-5-37	0	11124		104	11101	2	717104000		0306	001			0	0		年	1		0		0		0	1.00	30000	30000	30000	30000	30000	0	0	套裝軟體。									0	357	310	0	0001					廖存照	1030305	BGT
11-1-6-32	0	11125		104	11101	2	717104000		0306	001			0	0		年	1		0		0		0		30000	30000	30000	30000	30000	0	0	套裝軟體。									0	357	310	0	0001				0010	呂嘉頌	1030214	BGT
11-1-6-32	0	11125		104	11101	2	717104000		0306	002			0	0		年	1		0		0		0		4800	4800	4800	4800	4800	0	0	電腦周邊設備及零組件。									0	355	310	0	0002				0017	呂嘉頌	1030214	BGT
11-1-7-32	0	11126		104	11101	2	717104000		0306	001			0	0		年	1		0		0		0	1.00	30000	30000	30000	30000	30000	0	0	套裝軟體。								新增項目	0	357	310	0	0001				0010	邱祥瑜	1030701	BGT
11-1-7-32	0	11126		104	11101	2	717104000		0306	002			0	0		年	1		0		0		0		14400	14400	14400	14400	14400	0	0	電腦周邊設備及零組件。								新增項目	0	355	310	0	0002				0017	邱祥瑜	1030223	BGT
11-1-8-32	0	11127		104	11101	2	717104000		0306	001			0	0		年	1		0		0		0	1.00	20400	20400	20400	20400	20400	0	0	電腦周邊設備及零組件。									0	355	310	0	0001				0017	張益瑋	1030227	BGT
11-1-8-32	0	11127		104	11101	2	717104000		0306	002			0	0		年	1		0		0		0		53320	53320	53320	53320	53320	0	0	套裝軟體。									0	357	310	0	0002				0010	張益瑋	1030227	BGT
11-1-9-33	0	11128		104	11101	2	717104000		0306	001			0	0		年	1		0		0		0		30000	30000	30000	30000	30000	0	0	套裝軟體。									0	357	310	0	0001				0010	朱振興	1030224	BGT
11-1-9-33	0	11128		104	11101	2	717104000		0306	002			0	0		年	1		0		0		0		14400	14400	14400	14400	14400	0	0	電腦周邊設備及零組件。									0	355	310	0	0002				0017	朱振興	1030224	BGT
11-1-10-31	0	11129		104	11101	2	717104000		0306	001			0	0		年	1		0		0		0		30000	30000	30000	30000	30000	0	0	套裝軟體。									0	357	310	0	0001				0010	陳邦弘	1030217	BGT
11-1-10-31	0	11129		104	11101	2	717104000		0306	002			0	0		年	1		0		0		0		12000	12000	12000	12000	12000	0	0	電腦周邊設備及零組件。									0	355	310	0	0002				0017	陳邦弘	1030217	BGT
11-1-11-31	0	11130		104	11101	2	717104000		0306	001			0	0		年	1		0		0		0		31187	31187	31187	31187	31187	0	0	套裝軟體。									0	357	310	0	0001				0010	徐武戎	1030225	BGT
11-1-11-31	0	11130		104	11101	2	717104000		0306	002			0	0		年	1		0		0		0		12000	12000	12000	12000	12000	0	0	電腦周邊設備及零組件。									0	355	310	0	0002				0017	徐武戎	1030225	BGT
11-1-12-30	0	11131		104	11101	2	717104000		0306	001			0	0		年	1		0		0		0		16000	16000	16000	16000	16000	0	0	套裝軟體。									0	357	310	0	0001					葉惠萍	1030224	BGT
11-1-13-32	0	11132		104	11101	2	717104000		0306	001			0	0		年	1		0		0		0		60000	60000	60000	60000	60000	0	0	套裝軟體。									0	357	310	0	0001				0010	施志雄	1030220	BGT
11-1-13-32	0	11132		104	11101	2	717104000		0306	002			0	0		年	1		0		0		0		9600	9600	9600	9600	9600	0	0	電腦周邊設備及零組件。									0	355	310	0	0002				0017	施志雄	1030220	BGT
11-1-14-33	0	11133		104	11101	2	717104000		0306	001			0	0		年	1		0		0		0		30000	30000	30000	30000	30000	0	0	套裝軟體。									0	357	310	0	0001				0010	林榮順	1030226	BGT
11-1-14-33	0	11133		104	11101	2	717104000		0306	002			0	0		組	20		0		0		0	20.00	1200	30000	24000	24000	30000	0	0	電腦周邊設備及零組件。								覈實減列。	0	355	310	0	0002				0017	林榮順	1030630	BGT
11-1-15-31	0	11134		104	11101	2	717104000		0306	001			0	0		年	1		0		0		0		30000	30000	30000	30000	30000	0	0	套裝軟體。									0	357	310	0	0001				0010	林子凌	1030217	BGT
11-1-15-31	0	11134		104	11101	2	717104000		0306	002			0	0		年	1		0		0		0		7200	7200	7200	7200	7200	0	0	電腦周邊設備及零組件。									0	355	310	0	0002				0017	林子凌	1030217	BGT
11-1-16-28	0	11141		104	11101	2	717104000		0306	001			0	0		年	1		0		0		0		30000	30000	30000	30000	30000	0	0	套裝軟體。									0	357	310	0	0001				0010	張志盛	1030224	BGT
11-1-16-28	0	11141		104	11101	2	717104000		0306	002			0	0		年	1		0		0		0		12000	12000	12000	12000	12000	0	0	電腦周邊設備及零組件。									0	355	310	0	0002				0017	張志盛	1030224	BGT
11-1-17-33	0	11142		104	11101	2	717104000		0306	001			0	0		年	1		0		0		0	1.00	128000	128000	128000	128000	128000	0	0	套裝軟體。									0	357	310	0	0001				0010	王國峰	1030310	BGT
11-1-17-33	0	11142		104	11101	2	717104000		0306	002			0	0		年	1		0		0		0	1.00	38400	38400	38400	38400	38400	0	0	電腦周邊設備及零組件。									0	355	310	0	0002				0017	王國峰	1030310	BGT
11-1-18-52	0	11143		104	11101	2	717104000		0306	001			0	0		年	1		0		0		0		118280	118280	118280	118280	118280	0	0	套裝軟體。									0	357	310	0	0001				0010	林進源	1030217	BGT
11-1-18-52	0	11143		104	11101	2	717104000		0306	002			0	0		年	1		0		0		0		400000	400000	400000	400000	400000	0	0	電腦周邊設備及零組件。									0	355	310	0	0002				0017	林進源	1030217	BGT
11-1-18-52	0	11143		104	11101	2	717104000		0306	003			0	0		套	1		0		0		0	1.00	6610524	6610524	6610524	6610524	0	0	0	汰換道路交通事故e化處理系統(事故處理組)。									0	355	310	0	0003	0	0	0		黃汝華	1030702	BGT
11-1-20-22	0	11145		104	11101	2	717104000		0306	001			0	0		年	1		0		0		0	1.00	17225	17225	17225	17225	17225	0	0	套裝軟體。								新增項目	0	357	310	0	0001					黃文姿	1030228	BGT
11-1-20-22	0	11145		104	11101	2	717104000		0306	002			0	0		年	1		0		0		0	1.00	4500	4500	4500	4500	4500	0	0	電腦周邊設備及零組件。　								新增項目	0	355	310	0	0002					黃文姿	1030228	BGT
11-1-21-20	0	11146		104	11101	2	717104000		0306	001			0	0		年	1		0		0		0	1.00	21182	21182	21182	21182	11367	0	0	套裝軟體。								核實增列	0	357	310	0	0001				0010	吳欽祥	1030306	BGT
11-1-22-28	0	11147		104	11101	2	717104000		0306	001			0	0		年	1		0		0		0	1.00	13500	13500	13500	13500	13500	0	0	電腦周邊設備及零組件。									0	355	310	0	0001					李韋德	1030226	BGT
11-1-22-28	0	11147		104	11101	2	717104000		0306	002			0	0		年	1		0		0		0	1.00	10000	10000	10000	10000	10000	0	0	套裝軟體。									0	357	310	0	0002					李韋德	1030226	BGT
12-1-182	0	12101		104	12101	2	457104000		0306	001			0	0		年	1		0		0		0	1.00	246246	246246	246246	246246	114702	0	0	套裝軟體。									0	357	310	0	0010				0010	羅萬俊	1030324	BGT
12-1-182	0	12101		104	12101	2	457104000		0306	002			0	0	0301	部	84		0		0		0	84.00	20900	1755600	1755600	1755600	2316500	0	0	個人電腦。									1	355	310	0	0011				0016	羅萬俊	1030421	BGT
12-1-182	0	12101		104	12101	2	457104000		0306	003			0	0		年	1		0		0		0	1.00	1250400	1250400	1250400	1250400	1339600	0	0	電腦周邊設備及零組件。									0	355	310	0	0012				0017	羅萬俊	1030421	BGT
12-1-182	0	12101		104	12101	2	457104000		0306	004			0	0		部	5		0		0		0	5.00	136800	684000	684000	684000	810500	0	0	中階伺服器。									0	355	310	0	0013				0018	羅萬俊	1030324	BGT
12-1-182	0	12101		104	12101	2	457104000		0306	005			0	0		套	1		0		0		0	1.00	2000000	2000000	2000000	2000000	1800000	0	0	公共衛生資訊系統功能擴充。									0	359	310	0	0014				0020	羅萬俊	1030617	BGT
12-1-182	0	12101		104	12101	2	457104000		0306	015			0	0		套	1		0		0		0	1.00	2200000	2200000	2200000	2200000	0	0	0	衛生稽查管理系統改版。									0	359	310	0	0015	0	0	0	0020	羅萬俊	1030617	BGT
12-2-25	0	12111		104	12111	2	457104000		0306	001			0	0	0301	部	5		0		0		0	5.00	20900	104500	104500	104500	102500	0	0	汰換個人電腦。									1	355	310	1	0001				0016	宋麗香	1030421	BGT
12-2-25	0	12111		104	12111	2	457104000		0306	002			0	0		年	1		0		0		0	1.00	88000	88000	88000	88000	87200	0	0	電腦周邊設備及零組件。									0	355	310	1	0002				0017	宋麗香	1030417	BGT
12-2-25	0	12111		104	12111	2	457104000		0306	003			0	0		年	1		0		0		0	1.00	38883	38883	38883	38883	52722	0	0	套裝軟體。									0	357	310	1	0003				0010	宋麗香	1030417	BGT
12-3-23	0	12112		104	12112	2	457104000		0306	001			0	0	0301	部	6		0		0		0	6.00	20900	125400	125400	125400	123000	0	0	汰換個人電腦。									1	355	310	1	0001				0016	林岳良	1030418	BGT
12-3-23	0	12112		104	12112	2	457104000		0306	002			0	0		年	1		0		0		0	1.00	93000	93000	93000	93000	93000	0	0	電腦周邊設備及零組件。									0	355	310	1	0002				0017	林岳良	1030320	BGT
12-3-23	0	12112		104	12112	2	457104000		0306	003			0	0		年	1		0		0		0	1.00	34900	34900	34900	34900	37300	0	0	套裝軟體。									0	357	310	1	0003				0010	林岳良	1030418	BGT
12-4-24	0	12113		104	12113	2	457104000		0306	001			0	0	0301	部	7		0		0		0	7.00	20900	146300	146300	146300	143500	0	0	汰換個人電腦。								依電腦及其相關設備編列基準審查表覈實編列。	1	355	310	1	0001				0016	江麗玉	1030417	BGT
12-4-24	0	12113		104	12113	2	457104000		0306	002			0	0		年	1		0		0		0	1.00	111687	111687	111687	111687	112920	0	0	電腦周邊設備及零組件。								依電腦及其相關設備編列基準審查表覈實編列。	0	355	310	1	0002				0017	江麗玉	1030417	BGT
12-4-24	0	12113		104	12113	2	457104000		0306	003			0	0		年	1		0		0		0	1.00	36000	36000	36000	36000	36000	0	0	套裝軟體。								依電腦及其相關設備編列基準審查表覈實編列。	0	357	310	1	0003				0010	江麗玉	1030417	BGT
12-5-25	0	12114		104	12114	2	457104000		0306	001			0	0	0301	部	6		0		0		0	6.00	20900	125400	125400	125400	123000	0	0	汰換個人電腦。								依編列標準增列	1	355	310	0	0001				0016	黃翊嫺	1030418	BGT
12-5-25	0	12114		104	12114	2	457104000		0306	002			0	0		年	1		0		0		0	1.00	81000	81000	81000	81000	89000	0	0	電腦周邊設備及零組件。								依編列標準減列	0	355	310	0	0002				0017	黃翊嫺	1030418	BGT
12-5-25	0	12114		104	12114	2	457104000		0306	003			0	0		年	1		0		0		0	1.00	5000	20000	5000	5000	5000	0	0	套裝軟體。								依業務需求增列	0	357	310	0	0003				0010	黃翊嫺	1030703	BGT
12-6-25	0	12115		104	12115	2	457104000		0306	001			0	0	0301	部	5		0		0		0	5.00	20900	104500	104500	104500	123000	0	0	汰換個人電腦。								依編列標準覈實減列。	1	355	310	1	0001				0016	吳婉齡	1030420	BGT
12-6-25	0	12115		104	12115	2	457104000		0306	002			0	0		年	1		0		0		0	1.00	90500	90500	90500	90500	72000	0	0	電腦周邊設備及零組件。								依編列標準覈實增列。	0	355	310	1	0002				0017	吳婉齡	1030420	BGT
12-7-24	0	12116		104	12116	2	457104000		0306	001			0	0	0301	部	4		0		0		0	4.00	20900	104500	83600	83600	102500	0	0	汰換個人電腦。								核實編列	1	355	310	1	0001				0016	駱麗如	1030625	BGT
12-7-24	0	12116		104	12116	2	457104000		0306	002			0	0		年	1		0		0		0	1.00	58000	58000	58000	58000	65500	0	0	電腦周邊設備及零組件。								核實編列	0	355	310	1	0002				0017	駱麗如	1030418	BGT
12-7-24	0	12116		104	12116	2	457104000		0306	003			0	0		年	1		0		0		0	1.00	10719	10719	10719	10719	3609	0	0	套裝軟體。								核實編列	0	357	310	1	0003				0010	駱麗如	1030418	BGT
12-8-25	0	12117		104	12117	2	457104000		0306	001			0	0	0301	部	5		0		0		0	5.00	20900	104500	104500	104500	102500	0	0	汰換個人電腦。									1	355	310	1	0002				0016	王秋梅	1030416	BGT
12-8-25	0	12117		104	12117	2	457104000		0306	002			0	0		年	1		0		0		0	1.00	82000	82000	82000	82000	82000	0	0	電腦周邊設備及零組件。									0	355	310	1	0003				0017	王秋梅	1030416	BGT
12-8-25	0	12117		104	12117	2	457104000		0306	003			0	0		年	1		0		0		0	1.00	9344	9344	9344	9344	9595	0	0	套裝軟體。								依電腦及其相關設備編列基準審查表覈實編列。	0	357	310	1	0004				0010	王秋梅	1030417	BGT
12-9-26	0	12118		104	12118	2	457104000		0306	001			0	0	0301	部	6		0		0		0	6.00	20900	125400	125400	125400	123000	0	0	汰換個人電腦。								依編列標準覈實增列。	1	355	310	0	0001				0016	黃素瓊	1030420	BGT
12-9-26	0	12118		104	12118	2	457104000		0306	002			0	0		年	1		0		0		0	1.00	75900	75900	75900	75900	78300	0	0	電腦周邊設備及零組件。								核實減列。	0	355	310	1	0002				0017	黃素瓊	1030420	BGT
12-10-23	0	12119		104	12119	2	457104000		0306	001			0	0	0301	部	4		0		0		0	4.00	20900	104500	83600	83600	102500	0	0	汰換個人電腦。								依標準編列。	1	355	310	0	0001				0016	高瑛霞	1030627	BGT
12-10-23	0	12119		104	12119	2	457104000		0306	002			0	0		年	1		0		0		0	1.00	59500	59500	59500	59500	59500	0	0	電腦周邊設備及零組件。								依標準編列。	0	355	310	0	0002				0017	高瑛霞	1030417	BGT
12-10-23	0	12119		104	12119	2	457104000		0306	003			0	0		年	1		0		0		0	1.00	17136	17136	17136	17136	17136	0	0	套裝軟體。								依業務需要編列。	0	357	310	0	0003				0010	高瑛霞	1030417	BGT
12-11-24	0	12120		104	12120	2	457104000		0306	001			0	0	0301	部	6		0		0		0	6.00	20900	125400	125400	125400	123000	0	0	汰換個人電腦。								覈實編列	1	355	310	0	0001				0016	鄭曉芬	1030309	BGT
12-11-24	0	12120		104	12120	2	457104000		0306	002			0	0		年	1		0		0		0	1.00	85500	85500	85500	85500	85500	0	0	電腦周邊設備及零組件。								覈實編列	0	355	310	0	0002				0017	鄭曉芬	1030309	BGT
12-11-24	0	12120		104	12120	2	457104000		0306	003			0	0		年	1		0		0		0	1.00	10000	10000	10000	10000	10000	0	0	套裝軟體。								覈實編列	0	357	310	0	0003				0010	鄭曉芬	1030309	BGT
12-12-23	0	12121		104	12121	2	457104000		0306	001			0	0	0301	部	7		0		0		0	7.00	20900	146300	146300	146300	143500	0	0	汰換個人電腦。								覈實編列	1	355	310	1	0001				0016	吳昭樺	1030411	BGT
12-12-23	0	12121		104	12121	2	457104000		0306	002			0	0		年	1		0		0		0	1.00	99400	99400	99400	99400	99400	0	0	電腦周邊設備及零組件。								覈實編列	0	355	310	1	0002				0017	吳昭樺	1030401	BGT
12-12-23	0	12121		104	12121	2	457104000		0306	003			0	0		年	1		0		0		0	1.00	25698	25698	25698	25698	28498	0	0	套裝軟體。								覈實編列	0	357	310	1	0003				0010	吳昭樺	1030416	BGT
12-13-24	0	12122		104	12122	2	457104000		0306	001			0	0	0301	部	6		0		0		0	6.00	20900	125400	125400	125400	123000	0	0	汰換個人電腦。　								104年總計6部個人電腦使用期限到期，配合公務提供健全設備，以提升行政績效。	1	355	310	0	0002				6001	羅雯鈴	1030418	BGT
12-13-24	0	12122		104	12122	2	457104000		0306	002			0	0		年	1		0		0		0	1.00	78000	78000	78000	78000	78000	0	0	電腦周邊設備及零組件。　								依標準編列。	0	355	310	0	0003				0017	羅雯鈴	1030418	BGT
12-13-24	0	12122		104	12122	2	457104000		0306	003			0	0		年	1		0		0		0	1.00	7600	7600	7600	7600	10000	0	0	套裝軟體。								依標準覈實編列。	0	357	310	0	0004				0010	羅雯鈴	1030418	BGT
13-1-231	0	13101		104	13101	2	527104000		0306	001			0	0	0301	部	41		0		0		0	41.00	20900	2988700	856900	856900	0	0	0	汰換本局個人電腦(資訊小組)。								依104年度編列基準審查表新購電腦單價20,900元。預計汰換98年購置的41台、99年度購置的102台，合計104年預計需汰換143台。	1	355	310	0	0007				0016	洪新展	1030625	BGT
13-1-231	0	13101		104	13101	2	527104000		0306	002			0	0		式	1		0		0		0	1.00	850000	1415200	850000	850000	0	0	0	電腦周邊設備及零組件(資訊小組)。								依104年度編列基準審查表得編列1,415,200元(104年度新購電腦143台，每部分配額度8,000元，計1,144,000元。加本局員額數369，扣除新購電腦143台後，其餘226台每部分配額度1,200元，計271,200元。合計共編列1,415,200元)。	0	355	310	0	0008				0017	曾祥偉	1030625	BGT
13-1-231	0	13101		104	13101	2	527104000		0306	003			0	0		式	1		0		0		0	1.00	60000	60000	60000	60000	0	0	0	套裝軟體(資訊小組)。									0	357	310	0	0009				0010	洪新展	1030409	BGT
13-1-231	0	13101		104	13101	2	527104000		0306	006			0	0		部	1		0		0		0	1.00	38700	158800	38700	38700	0	0	0	伺服器（第三科）。								汰換96年度購置的伺服器（廢棄機汽車拖吊查報應用系統）。	0	355	310	1	0010	0	0	0	0017	劉人壽	1030625	BGT
13-1-231	0	13101		104	13101	2	527104000		0306	007			0	0		式	1		0		0		0	1.00	2480000	2480000	2480000	2480000	0	0	0	空氣品質監測電腦連線系統更新(技術室)。								因應現行作業之需求，更新現有應用軟體功能，如新增AQI空氣品質指標等功能、整合本局測站細懸浮微粒及輻射監測數值…等功能˙	0	357	260	1	0011	0	0	0		范姜仁茂	1030326	BGT
13-1-231	0	13101		104	13101	2	527104000		0306	008			0	0		部	3		0		0		0	3.00	26000	78000	78000	78000	0	0	0	掩埋場地磅電腦系統作業用伺服電腦主機(掩埋場)。								掩埋場地磅作業系統電腦主機老舊，導致故障頻傳，且現有電腦系統維修不易，為使地磅正常運作，故編列新購地磅作業系統電腦主機。	0	355	260	1	0012	0	0	0		林晉丞	1030328	BGT
13-1-231	0	13101		104	13101	2	527104000		0306	009			0	0		臺	1		0		0		0	1.00	200000	200000	200000	200000	0	0	0	新購汽車診斷電腦(G-SCAN)(修車廠)。								近年新購車輛均為四、五期環保之電腦控制車輛，為減少委外託修之比重，請准予新購汽車診斷電腦。	0	355	260	1	0013	0	0	0		羅啟甄	1030331	BGT
13-2-35	0	13102		104	13102	2	527104000		0306	001			0	0	0301	部	15		0		0		0	15.00	20900	501600	313500	313500	287000	0	0	汰換個人電腦。									1	355	310	0	0001				0016	李憲誼	1030604	BGT
13-2-35	0	13102		104	13102	2	527104000		0306	002			0	0		年	1		0		0		0	1.00	79399	118428	79399	79399	79399	0	0	套裝軟體。								依實際需要核實編列。	0	357	310	0	0002				0010	李憲誼	1030604	BGT
13-2-35	0	13102		104	13102	2	527104000		0306	003			0	0		年	1		0		0		0	1.00	206400	249600	206400	206400	251200	0	0	汰換電腦周邊設備及零組件。								依編列標準在額度內編列。	0	355	310	0	0003				0017	李憲誼	1030604	BGT
13-2-35	0	13102		104	13102	2	527104000		0306	004			0	0	0314	部	1		0		0		0	1.00	38700	38700	38700	38700	0	0	0	低階伺服器。								依編列標準在額度內編列。	1	355	310	1	0004	0	0	0	0018	李憲誼	1030401	BGT
13-2-35	0	13102		104	13102	2	527104000		0306	005			0	0		組	1		0		0		0	1.00	40000	0	40000	40000	0	0	0	高速大量列印高階印表機。								列印移送裁處書、催繳書、強制執行移送書之用。	0	355	310	0	0005	0	0	0	0017	李憲誼	1030604	BGT
13-3-51	0	13103		104	13103	2	527104000		0306	001			0	0		部	14		0		0		0	14.00	20900	292600	292600	292600	328000	0	0	汰換個人電腦。								汰換98年度（含）以前個人電腦共14部，編列標準每部單價為2萬900元整，共計如列數。	0	355	310	0	0001				0016	韋基松	1030522	BGT
13-3-51	0	13103		104	13103	2	527104000		0306	002			0	0		年	1		0		0		0	1.00	189597	189597	189597	189597	187124	0	0	電腦周邊設備及零組件。								依編列標準，新購16部個人電腦每部核配8,000元，原有67部個人電腦每部1,200元，兩項合計20萬8,400元，自行調整為18萬9,597元。	0	355	310	0	0002				0017	韋基松	1030409	BGT
13-3-51	0	13103		104	13103	2	527104000		0306	003			0	0		年	1		0		0		0		45975	45975	45975	45975	45975	0	0	套裝軟體。									0	357	310	0	0003				0010	韋基松	1030318	BGT
13-4-52	0	13104		104	13104	2	527104000		0306	001			0	0		部	15		0		0		0	15.00	20900	313500	313500	313500	348500	0	0	汰換個人電腦。								依本府104年度編列標準核實編列，104年購置個人電腦15部(額度20,900元/台)，共計313,500元。	0	355	310	0	0001				0016	朱大煦	1030522	BGT
13-4-52	0	13104		104	13104	2	527104000		0306	002			0	0		年	1		0		0		0	1.00	257500	257500	257500	257500	348218	0	0	電腦周邊設備及零組件。								依本府104年度編列標準核實編列，104年購置個人電腦17部(額度8,000元/台)，原有個人電腦81部(額度1,500元/台)計257,500元。	0	355	310	0	0002				0017	朱大煦	1030410	BGT
13-4-52	0	13104		104	13104	2	527104000		0306	003			0	0		年	1		0		0		0	1.00	80670	80670	80670	80670	36720	0	0	套裝軟體。								依本府104年度編列標準核實編列。供汰換新購伺服器使用備份軟體1套約43,950元、神網資安軟體1年升級版(80人*459元/人=36,720元)36,720元，共計80,670元。	0	357	310	0	0003				0010	朱大煦	1030424	BGT
13-4-52	0	13104		104	13104	2	527104000		0306	004			0	0		臺	1		0		0		0	1.00	38700	38700	38700	38700	0	0	0	汰換伺服器。								依本府104年度編列標準核實編列，為維持本廠行政管理資訊網資料處理速率與連線穩定性及作為主機備援使用，擬汰換96年度購置之伺服器(低階伺服器額度38,700/台)1台，共編列38,700元。	0	355	310	0	0004				0018	朱大煦	1030410	BGT
13-5-57	0	13105		104	13105	2	527104000		0306	001			0	0	0301	部	19		0		0		0	19.00	20900	438900	397100	397100	430500	0	0	汰換個人電腦。								汰換購置價格依104年度臺北市地方總預算各機關購置電腦及其相關設備編列基準審查表編列，每台20,900元。	1	355	310	0	0001				0016	潘同元	1030626	BGT
13-5-57	0	13105		104	13105	2	527104000		0306	002			0	0		年	1		0		0		0	1.00	235920	235920	235920	235920	235920	0	0	電腦周邊設備及零組件。									0	355	310	0	0002				0017	潘同元	1030408	BGT
13-5-57	0	13105		104	13105	2	527104000		0306	003			0	0		年	1		0		0		0	1.00	60000	60000	60000	60000	60000	0	0	套裝軟體。									0	357	310	0	0003				0010	潘同元	1030408	BGT
14-1-72	0	14101		104	14101	2	347104000		0306	001			0	0		部	40		0		0		0	40.00	20900	982300	836000	836000	492000	0	0	汰換個人電腦。								核實增列	0	355	310	0	0001					范成楝	1030605	BGT
14-1-72	0	14101		104	14101	2	347104000		0306	002			0	0		年	1		0		0		0	1.00	590800	590800	590800	590800	404400	0	0	電腦周邊設備及零組件。								核實增列	0	355	310	0	0002					范成楝	1030317	BGT
14-1-72	0	14101		104	14101	2	347104000		0306	003			0	0		年	1		0		0		0	1.00	203408	203408	203408	203408	288412	0	0	套裝軟體。　　　　　　　　　　　　　　　　　　　　　　　								核實減列	0	357	310	0	0003					范成楝	1030317	BGT
14-1-72	0	14101		104	14101	2	347104000		0306	004			0	0		式	1		0		0		0	1.00	13326000	23140000	13326000	13326000	23000000	0	0	臺北市都市開發審議暨建築執照審查BIM應用發展計畫-法規查核作業及生命週期營運管理。								核實增列	0	359	310	1	0004					范成楝	1030613	BGT
14-2-44	0	14102		104	14102	2	347104000		0306	001			0	0	0301	部	17		0		0		0	17.00	20900	355300	355300	355300	328000	0	0	汰換個人電腦。								核實增列	1	355	310	0	0001					湯勇循	1030618	BGT
14-2-44	0	14102		104	14102	2	347104000		0306	002			0	0		年	1		0		0		0	1.00	294800	294800	294800	294800	294800	0	0	電腦周邊設備及零組件。									0	355	310	1	0002					湯勇循	1030618	BGT
14-2-44	0	14102		104	14102	2	347104000		0306	003			0	0		年	1		0		0		0	1.00	155382	155382	155382	155382	155422	0	0	套裝軟體。								核實減列	0	357	310	0	0003					湯勇循	1030423	BGT
14-2-44	0	14102		104	14102	2	347104000		0306	004	'		0	0		年	1		0		0		0	1.00	1980000	1980000	1980000	1980000	0	0	0	臺北市都市更新雲端平臺建置案。								核實增列	0	359	310	1	0004	0	0	0		湯勇循	1030423	BGT
14-2-44	0	14102		104	14102	2	347104000		0306	005			0	0		年	1		0		0		0	1.00	1667288	1667288	1667288	1667288	0	0	0	臺北市都市更新處知識管理平臺建置計畫。								核實增列	0	359	310	1	0005	0	0	0		湯勇循	1030618	BGT
14-3-75	0	14103		104	14103	2	327104000		0306	001			0	0	0301	部	72		0		0		0	72.00	20900	1504800	1504800	1504800	1476000	0	0	汰換個人電腦。								核實增列	1	355	310	0	0001				0016	廖進益	1030414	BGT
14-3-75	0	14103		104	14103	2	327104000		0306	002			0	0		年	1		0		0		0	1.00	916800	916800	916800	916800	916800	0	0	電腦周邊設備及零組件。									0	355	310	0	0002				0017	廖進益	1030319	BGT
14-3-75	0	14103		104	14103	2	327104000		0306	003			0	0		年	1		0		0		0	1.00	450000	450000	450000	450000	615000	0	0	套裝軟體。								核實減列	0	357	310	0	0003				0010	廖進益	1030422	BGT
15-1-122	0	15101		104	15101	2	227104000		0306	001			0	0	0301	部	16		0		0		0	16.00	20900	334400	334400	334400	471500	0	0	汰換個人電腦。									1	355	310	0	0003				0016	姚丹鳳	1030625	BGT
15-1-122	0	15101		104	15101	2	227104000		0306	002			0	0		年	1		0		0		0	1.00	200000	200000	200000	200000	215600	0	0	電腦周邊設備及電腦零組件。									0	355	310	0	0004				0017	姚丹鳳	1030417	BGT
15-1-122	0	15101		104	15101	2	227104000		0306	003			0	0		年	1		0		0		0	1.00	70000	70000	70000	70000	47980	0	0	套裝軟體。									0	357	310	0	0005				0010	姚丹鳳	1030625	BGT
15-1-122	0	15101		104	15101	2	227104000		0306	012			0	0		式	1		0		0		0	1.00	3021000	3180000	3180000	3021000	0	0	0	智慧安全城市之災害應變整合機制設計提升計畫。									0	359	310	0	0006	0	0	0	0020	蕭慧芳	1031013	BGT
15-1-122	0	15101		104	15101	2	227104000		0306	013			0	0		式	1		0		0		0	1.00	3320000	3320000	3320000	3320000	0	0	0	行動社區服務計畫。									0	359	310	0	0007	0	0	0	0020	蕭慧芳	1030417	BGT
15-1-122	0	15101		104	15101	2	227104000		0306	014			0	0		式	1		0		0		0	1.00	1750000	1750000	1750000	1750000	0	0	0	遠端視訊失智症患者及其主要照顧者之遠距健康照護服務流程設計導入試辦計畫。									0	359	310	0	0008	0	0	0	0020	蕭慧芳	1030417	BGT
15-1-122	0	15101		104	15101	2	227104000		0306	015			0	0	0301	部	7		0		0		0	7.00	20900	146300	146300	146300	0	0	0	購置個人電腦（城市博物館聚落專案辦公室）。									1	355	310	0	0009	0	0	0	0016	宋傳明	1030625	BGT
15-1-122	0	15101		104	15101	2	227104000		0306	016			0	0		式	1		0		0		0	1.00	1717000	1717000	1717000	1717000	0	0	0	臺北藝術中心整體資訊環境建置專案計畫。									0	355	310	0	0010	0	0	0	0016	李岱穎	1030625	BGT
15-2-31	0	15102		104	15102	2	227104000		0306	001			0	0		部	2		0		0		0	2.00	20900	41800	41800	41800	82000	0	0	汰換個人電腦。								專案計畫	0	355	310	0	0001				0016	林義榮	1030618	BGT
15-2-31	0	15102		104	15102	2	227104000		0306	002			0	0		年	1		0		0		0	1.00	35387	35387	35387	35387	35387	0	0	電腦周邊設備及零組件。								專案計畫	0	355	310	0	0002				0017	林義榮	1030320	BGT
15-3-31	0	15103		104	15103	2	227104000		0306	001			0	0		部	2		0		0		0	2.00	20900	41800	41800	41800	61500	0	0	汰換個人電腦。								專案計畫	0	355	310	0	0001				0016	李仁鼎	1030618	BGT
15-3-31	0	15103		104	15103	2	227104000		0306	002			0	0		年	1		0		0		0		24000	24000	24000	24000	24000	0	0	電腦周邊設備及零組件。								專案計畫	0	355	310	0	0002				0017	李仁鼎	1030318	BGT
15-4-61	0	15104		104	15104	2	227104000		0306	001			0	0		部	16		0		0		0	16.00	20900	334400	334400	334400	348500	0	0	汰換個人電腦。									0	355	310	0	0001				0016	林忠憲	1030530	BGT
15-4-61	0	15104		104	15104	2	227104000		0306	002			0	0		年	1		0		0		0	1.00	250000	250000	250000	250000	250000	0	0	電腦週邊及零組件。									0	355	310	0	0002				0017	林忠憲	1030313	BGT
15-4-61	0	15104		104	15104	2	227104000		0306	003			0	0		年	1		0		0		0	1.00	211023	211023	211023	211023	211023	0	0	套裝軟體。									0	357	310	0	0003				0010	林忠憲	1030313	BGT
15-5-34	0	15105		104	15105	2	227104000		0306	001			0	0	0301	部	6		0		0		0		20900	125400	125400	125400	123000	0	0	汰換個人電腦。								依標準編列	1	355	310	0	0001				0016	黃仁勇	1030417	BGT
15-5-34	0	15105		104	15105	2	227104000		0306	002			0	0	0302	組	30		0		0		0	30.00	1200	36000	36000	36000	36000	0	0	原有電腦周邊設備及零組件。									1	355	310	0	0002				0017	黃仁勇	1030422	BGT
15-5-34	0	15105		104	15105	2	227104000		0306	003			0	0	0303	組	6		0		0		0	6.00	8000	48000	48000	48000	48000	0	0	新購電腦周邊設備及零組件。									1	355	310	0	0003				0017	黃仁勇	1030422	BGT
15-5-34	0	15105		104	15105	2	227104000		0306	004			0	0		年	1		0		0		0	1.00	58556	58556	58556	58556	14400	0	0	電腦套裝軟體。								依業務需求編列	0	357	310	0	0004				0010	黃仁勇	1030418	BGT
15-5-34	0	15105		104	15105	2	227104000		0306	005			0	0		臺	1		0		0		0	1.00	20000	20000	20000	20000	0	0	0	藍光燒錄機。								依業務需求編列	0	355	310	0	0005	0	0	0	0018	黃仁勇	1030418	BGT
15-6-44	0	15106		104	15106	2	227104000		0306	001			0	0	0301	部	6		0		0		0	6.00	20900	125400	125400	125400	143500	0	0	汰換個人電腦。								核實減列。	1	355	310	0	0001				0016	莊婷婷	1030421	BGT
15-6-44	0	15106		104	15106	2	227104000		0306	002			0	0		年	1		0		0		0		52500	52500	52500	52500	52500	0	0	電腦周邊設備及零組件。									0	355	310	0	0002				0017	莊婷婷	1030318	BGT
15-6-44	0	15106		104	15106	2	227104000		0306	003			0	0		年	1		0		0		0	1.00	50000	50000	50000	50000	30500	0	0	電腦套裝軟體。								依業務需求增列。	0	357	310	1	0003				0010	莊婷婷	1030418	BGT
15-6-44	0	15106		104	15106	2	227104000		0306	004			0	0	0314	部	1		0		0		0	1.00	38700	38700	38700	38700	0	0	0	低階伺服器（新增）。								依標準增列。	1	355	310	1	0004				0018	莊婷婷	1030421	BGT
15-7-56	0	15107		104	15107	2	227104000		0306	001			0	0		年	1		0		0		0	1.00	127500	127500	127500	127500	127500	0	0	電腦周邊設備及零組件。									0	355	310	0	0001				0017	王學宇	1030422	BGT
15-7-56	0	15107		104	15107	2	227104000		0306	002			0	0		年	1		0		0		0	1.00	80000	80000	80000	80000	80000	0	0	電腦套裝軟體費。									0	357	310	0	0002				0010	王學宇	1030422	BGT
15-7-56	0	15107		104	15107	2	227104000		0306	003			0	0	0301	部	9		0		0		0	9.00	20900	188100	188100	188100	184500	0	0	汰換個人電腦。									1	355	310	0	0003				0016	王學宇	1030421	BGT
16-1-155	0	16101		104	16101	2	137104700		0306	002			0	0	0301	部	120		0		0		0	120.00	20900	3344000	2508000	2508000	0	0	0	汰換個人電腦(分批辦理採購)。								電腦專案	1	355	310	1	0030				0016	賴裕翔	1030611	BGT
16-1-155	0	16101		104	16101	2	137104700		0306	003			0	0		式	1		0		0		0	1.00	2353600	2408000	2353600	2353600	0	0	0	電腦周邊設備及零組件(分批辦理採購)。								電腦專案	0	355	310	1	0031				0017	賴裕翔	1030611	BGT
16-1-156	0	16101		104	16101	2	137104700		0306	004			0	0		年	1		0		0		0	1.00	1350000	1350000	1350000	1350000	0	0	0	套裝軟體（分批辦理採購）。								電腦專案	0	357	310	1	0032				0010	鄭善吉	1030701	BGT
16-1-156	0	16101		104	16101	2	137104700		0306	005			0	0	0308	部	2		0		0		0	2.00	136800	273600	273600	273600	0	0	0	汰換網路服務伺服器。								電腦專案	1	355	310	1	0033				0018	賴裕翔	1030413	BGT
16-1-156	0	16101		104	16101	2	137104700		0306	006			0	0		部	1		0		0		0	1.00	2120262	2282613	2120262	2120262	0	0	0	智慧型電腦輔助勤務派遣系統應用服務主機虛擬化。								電腦專案	0	355	310	1	0034	0	0	0	0018	張仁勇	1030611	BGT
16-1-156	0	16101		104	16101	2	137104700		0306	007			0	0	0301	部	40		0		0		0	40.00	20900	836000	836000	836000	0	0	0	汰換本市災害應變中心暨第二災害應變中心個人電腦。								電腦專案	1	355	310	1	0035				0016	陳志雄	1030413	BGT
16-1-156	0	16101		104	16101	2	137104700		0306	008			0	0		式	1		0		0		0	1.00	270000	270000	270000	270000	0	0	0	本市災害應變中心電腦周邊設備及零組件(分批辦理採購)。								電腦專案	0	355	310	1	0036				0017	蘇育王晉	1030413	BGT
16-1-156	0	16101		104	16101	2	137104700		0306	009			0	0		式	1		0		0		0	1.00	5077881	7085000	5077881	5077881	0	0	0	建置本市災害應變中心虛擬化伺服器。								電腦專案	0	355	310	1	0037				0017	蘇育王晉	1030611	BGT
16-1-156	0	16101		104	16101	2	137104700		0306	010			0	0		式	1		0		0		0	1.00	850000	942050	850000	850000	0	0	0	VVLink視訊會議及協同作業系統升級。								電腦專案	0	355	310	1	0038				0017	陳志雄	1030611	BGT
17-1-64	0	17101		104	17101	2	327104000		0306	001			0	0		部	14		0		0		0	14.00	20500	328000	287000	287000	328000	0	0	汰換個人電腦。									0	355	310	0	0015				0016	林保隆	1030630	BGT
17-1-64	0	17101		104	17101	2	327104000		0306	002			0	0		年	1		0		0		0	1.00	230500	230500	230500	230500	230500	0	0	電腦周邊設備及零組件(分批辦理招標)。									0	355	310	0	0016				0017	林保隆	1030425	BGT
17-1-64	0	17101		104	17101	2	327104000		0306	003			0	0		年	1		0		0		0	1.00	159000	159000	159000	159000	159000	0	0	套裝軟體(分批辦理招標)。									0	357	310	0	0017				0010	林保隆	1030425	BGT
17-1-64	0	17101		104	17101	2	327104000		0306	004			0	0		式	1		0		0		0	1.00	94500	94500	94500	94500	0	0	0	運轉中心資訊主機汰換。									0	357	310	0	0018	0	0	0	0010	林保隆	1030425	BGT
18-1-109	0	18111		104	18111	2	347104000		0306	001			0	0	0301	部	27		0		0		0	27.00	20900	647900	564300	564300	574000	0	0	汰換個人電腦。								數量依業務需求及單價依各機關購置物品設備編列基準表，覈實增列。	1	355	310	0	0001				0016	賴興柯	1030716	BGT
18-1-109	0	18111		104	18111	2	347104000		0306	002			0	0		組	1		0		0		0	1.00	348000	357600	348000	348000	357600	0	0	電腦周邊設備及零組件。									0	355	310	0	0002				0017	賴興柯	1030610	BGT
18-1-109	0	18111		104	18111	2	347104000		0306	003			0	0		年	1		0		0		0	1.00	120054	120054	120054	120054	120054	0	0	套裝軟體。									0	357	310	0	0003				0010	賴興柯	1030310	BGT
18-2-25	0	18112		104	18112	2	227104000		0306	001			0	0		年	1		0		0		0	1.00	79214	79214	79214	79214	79214	0	0	電腦周邊設備及零組件。									0	355	310	0	0005				0017	張銘杰	1030415	BGT
18-2-25	0	18112		104	18112	2	227104000		0306	003			0	0	0301	部	7		0		0		0	7.00	20900	146300	146300	146300	143500	0	0	汰換個人電腦。								依各機關購置物品設備編列基準表覈實增列。	1	355	310	0	0006				0016	張銘杰	1030415	BGT
19-1-89	0	19101		104	19101	2	137104000		0306	001			0	0		部	28		0		0		0	28.00	20900	668800	668800	585200	656000	0	0	汰換個人電腦。								104年度個人電腦預算單價較103年度高400元。	0	355	310	0	0001				0016	陳瑞章	1031015	BGT
19-1-89	0	19101		104	19101	2	137104000		0306	002			0	0		年	1		0		0		0		454550	454550	454550	454550	454550	0	0	電腦周邊設備及零組件。									0	355	310	0	0002				0017	陳瑞章	1030326	BGT
19-1-89	0	19101		104	19101	2	137104000		0306	003			0	0		部	2		0		0		0	2.00	136800	273600	273600	273600	648400	0	0	汰換伺服器(不動產數位資料庫主機)。								不動產數位資料庫伺服器係於95年採購、效能已不敷使用。	0	355	310	0	0003				0018	陳瑞章	1030331	BGT
19-1-89	0	19101		104	19101	2	137104000		0306	004			0	0		年	1		0		0		0	1.00	219305	306000	306000	219305	306000	0	0	套裝軟體。									0	357	310	0	0004				0010	陳瑞章	1031015	BGT
19-2-42	0	19102		104	19102	2	137104000		0306	001			0	0		部	11		0		0		0	11.00	20900	229900	229900	229900	328000	0	0	汰換個人電腦。								汰換2008年前購置部分個人電腦。	0	355	310	0	0001				0016	黃進能	1030324	BGT
19-2-42	0	19102		104	19102	2	137104000		0306	002			0	0		組	1		0		0		0	1.00	193600	193600	193600	193600	199820	0	0	電腦周邊設備及零組件。								依個人電腦汰新每台8,000元、原有每台1,200元編列。	0	355	310	0	0002				0017	黃進能	1030324	BGT
19-2-42	0	19102		104	19102	2	137104000		0306	003			0	0		年	1		0		0		0	1.00	100000	150000	150000	100000	0	0	0	套裝軟體。								為提高機房資訊系統資源使用率及節約電費，本總隊業已導入虛擬化技術，並架設Hyper-V伺服器主機，為持續加強該主機備份及管理，擬採購1套Acronis備份軟體。	0	357	310	0	0003				0010	黃進能	1030929	BGT
19-2-42	0	19102		104	19102	2	137104000		0306	004	'		0	0		式	1		0		0		0	1.00	1837650	2450000	2050000	1837650	0	0	0	臺北市應用測量成果管理系統軟體開發及建置。								依本府頒定之「臺北市應用測量成果管理計畫」，授權由本總隊負責應用測量計畫備查及測量成果建檔管理事務。為有系統、有效率地將應用測量成果建置為專屬本市之測繪資訊資料庫，並將其測繪成果有效地應用，增加行政效能，亟需開發建置一套應用測量成果管理系統。	0	357	310	0	0004	0	0	0	0020	黃俊偉	1030929	BGT
19-3-42	0	19111		104	19111	2	137104000		0306	001			0	0		部	6		0		0		0	6.00	20900	125400	125400	125400	164000	0	0	汰換個人電腦。								依業務需要核實編列	0	355	310	1	0001				0016	陳政南	1030316	BGT
19-3-42	0	19111		104	19111	2	137104000		0306	002			0	0		組	1		0		0		0	1.00	339726	339726	339726	339726	368100	0	0	電腦周邊設備及零組件。								依業務需要核實編列	0	355	310	1	0002				0017	陳政南	1030418	BGT
19-3-42	0	19111		104	19111	2	137104000		0306	003			0	0		年	1		0		0		0	1.00	280992	280992	280992	280992	242392	0	0	套裝軟體。								依業務需要核實編列	0	357	310	1	0003				0010	陳政南	1030316	BGT
19-3-42	0	19111		104	19111	2	137104000		0306	004			0	0		部	2		0		0		0	2.00	136800	410400	273600	273600	324200	0	0	汰換伺服器。								依業務需要核實編列	0	355	310	1	0004				0018	陳政南	1030613	BGT
19-4-45	0	19112		104	19112	2	137104000		0306	001			0	0	0301	部	14		0		0		0	14.00	20900	313500	292600	292600	307500	0	0	汰換個人電腦。								依標準編	1	355	310	1	0002				0016	謝春蘭	1030611	BGT
19-4-45	0	19112		104	19112	2	137104000		0306	002			0	0		組	1		0		0		0	1.00	297000	297000	297000	297000	292500	0	0	電腦周邊設備及零組件。								依標準編	0	355	310	1	0003				0017	謝春蘭	1030418	BGT
19-4-45	0	19112		104	19112	2	137104000		0306	003			0	0		年	1		0		0		0	1.00	121522	273805	121522	121522	100299	0	0	套裝軟體。								業務需要	0	357	310	1	0004				0010	謝春蘭	1030611	BGT
19-5-44	0	19113		104	19113	2	137104000		0306	001			0	0		部	18		0		0		0	18.00	20900	418000	376200	376200	348500	0	0	汰換個人電腦。								依業務需要核實編列。	0	355	310	1	0001				0016	彭毓文	1030612	BGT
19-5-44	0	19113		104	19113	2	137104000		0306	002			0	0		年	1		0		0		0	1.00	448457	406657	448457	448457	532154	0	0	電腦周邊設備及零組件。								依業務需要核實編列。	0	355	310	1	0002				0017	彭毓文	1030612	BGT
19-5-44	0	19113		104	19113	2	137104000		0306	003			0	0		年	1		0		0		0	1.00	81697	81697	81697	81697	33828	0	0	套裝軟體。								依業務需要核實編列。	0	357	310	1	0003				0010	彭毓文	1030418	BGT
19-6-43	0	19114		104	19114	2	137104000		0306	001			0	0	0301	部	9		0		0		0	9.00	20900	188100	188100	188100	287000	0	0	汰換個人電腦。								依業務需要覈實減列。	1	355	310	0	0001				0016	賴逢源	1030829	BGT
19-6-43	0	19114		104	19114	2	137104000		0306	002			0	0		組	1		0		0		0	1.00	218000	218000	218000	218000	223100	0	0	電腦周邊設備及零組件（分批）。								依業務需要覈實減列。	0	355	310	0	0002				0017	賴逢源	1030829	BGT
19-6-43	0	19114		104	19114	2	137104000		0306	003			0	0		年	1		0		0		0	1.00	165100	165100	165100	165100	167440	0	0	套裝軟體（分批）。								依業務需要覈實減列。	0	357	310	0	0003				0010	賴逢源	1030829	BGT
19-6-43	0	19114		104	19114	2	137104000		0306	004			0	0		部	1		0		0		0	1.00	136800	136800	136800	136800	0	0	0	汰換伺服器。								依業務需要覈實編列。	0	355	310	0	0004	0	0	0	0010	賴逢源	1030829	BGT
19-7-44	0	19115		104	19115	2	137104000		0306	001			0	0	0301	部	14		0		0		0	14.00	20900	292600	292600	292600	287000	0	0	汰換個人電腦。									1	355	310	0	0001				0016	林詩頻	1030421	BGT
19-7-44	0	19115		104	19115	2	137104000		0306	002			0	0		組	1		0		0		0	1.00	496547	496547	496547	496547	386547	0	0	電腦周邊設備及零組件。									0	355	310	0	0002				0017	林詩頻	1030421	BGT
19-7-44	0	19115		104	19115	2	137104000		0306	003			0	0		年	1		0		0		0	1.00	74500	74500	74500	74500	59337	0	0	套裝軟體。									0	357	310	0	0003				0010	林詩頻	1030421	BGT
19-8-43	0	19116		104	19116	2	137104000		0306	001			0	0	0301	部	14		0		0		0	14.00	20900	292600	292600	292600	328000	0	0	汰換個人電腦。									1	355	310	0	0001				0016	劉曉芬	1030418	BGT
19-8-43	0	19116		104	19116	2	137104000		0306	002			0	0		組	1		0		0		0	1.00	708786	788786	708786	708786	602320	0	0	電腦周邊設備及零組件。									0	355	310	0	0002				0017	劉曉芬	1030616	BGT
19-8-43	0	19116		104	19116	2	137104000		0306	004			0	0		年	1		0		0		0	1.00	90948	90948	90948	90948	43259	0	0	套裝軟體。									0	357	310	0	0003				0010	劉曉芬	1030418	BGT
20-1-73	0	20101		104	20101	2	137104000		0306	001			0	0		年	1		0		0		0	1.00	177840	217200	177840	177840	177840	0	0	印表機等周邊設備及電腦零組件等。								依標準編列。	0	355	310	0	0002				0017	周石雄	1030611	BGT
20-1-73	0	20101		104	20101	2	137104000		0306	002			0	0		年	1		0		0		0	1.00	35336	96000	96000	35336	96000	0	0	役男兵籍調查線上申報系統軟體擴增。									0	357	310	0	0003				0020	左湘錦	1031009	BGT
20-1-73	0	20101		104	20101	2	137104000		0306	003			0	0	0301	部	12		0		0		0	12.00	20900	250800	250800	250800	246000	0	0	汰換電腦。								汰換96、97年度購入之個人電腦。	1	355	310	0	0004				0016	周石雄	1030414	BGT
20-1-73	0	20101		104	20101	2	137104000		0306	004			0	0		年	1		0		0		0	1.00	82000	82000	82000	82000	0	0	0	體位區分標準兵go簡易查詢系統功能擴充。								依業務需求編列。	0	357	310	0	0005	0	0	0	0020	左湘錦	1030318	BGT
22-1-102	0	22101		104	22101	2	220204110		0306	001			0	0	0301	部	90		0		0		0	90.00	20900	1881000	1881000	1881000	820000	0	0	籌委會辦公室所需個人電腦。									1	355	310	0	0145	0	0	0		體育局	1030326	BGT
22-1-102	0	22101		104	22101	2	220204110		0306	002			0	0		臺	1		0		0		0	1.00	117271	117271	117271	117271	117271	0	0	籌委會辦公室所需海報輸出機。									0	355	310	0	0146	0	0	0		體育局	1030328	BGT
22-1-102	0	22101		104	22101	2	220204110		0306	003			0	0	0303	組	90		0		0		0	90.00	8000	720000	720000	720000	0	0	0	籌委會辦公室所需電腦周邊設備。									1	355	310	0	0147					體育局	1030423	BGT
22-1-102	0	22101		104	22101	2	220204110		0306	004			0	0		式	5		0		0		0	5.00	28000	140000	140000	140000	0	0	0	專案系統管理計畫之軟體費。									0	355	210	0	0148	0	0	0		體育局	1030424	BGT
22-1-102	0	22101		104	22101	2	220204110		0306	005			0	0		式	1		0		0		0	1.00	900000	900000	900000	900000	0	0	0	網路伺服器大量儲存空間設備NAS(network attached storage)									0	355	310	0	0149	0	0	0		蔡健榮	1030423	BGT
22-1-102	0	22101		104	22101	2	220204110		0306	006			0	0		式	1		0		0		0	1.00	80000	80000	80000	80000	0	0	0	異地備援可攜帶式硬體設備 。										355	310	0	0150					蔡健榮	1030423	BGT
22-1-102	0	22101		104	22101	2	220204110		0306	007			0	0		式	1		0		0		0	1.00	100000	100000	100000	100000	0	0	0	系統備份還原軟體。										355	310	0	0151	0	0	0		蔡健榮	1030423	BGT
22-1-102	0	22101		104	22101	2	220204110		0306	008			0	0	0301	部	10		0		0		0	10.00	20900	209000	209000	209000	41000	0	0	學生志工管理之人力所需個人電腦(桌機、筆電、平板電腦)。									1	355	310	0	0152	0	0	0		市立大學	1030623	BGT
22-1-103	0	22101		104	22101	2	220204110		0306	009			0	0	0303	組	10		0		0		0	10.00	8000	80000	80000	80000	16000	0	0	學生志工管理之人力所需電腦周邊設備及零組件。									1	355	310	0	0153	0	0	0		市立大學	1030623	BGT
22-1-103	0	22101		104	22101	2	220204110		0306	010			0	0		式	1		0		0		0	1.00	5400000	6000000	5400000	5400000	0	0	0	2017世界大學運動會資訊系統建置計畫-2017世界大學運動會104年度業務推動增購伺服器軟硬體、儲存設備及網路									0	355	310	1	0154	0	0	0		資訊局魏鴻杰	1031016	BGT
22-1-109	0	22101		104	22101	2	227104001		0306	001			0	0		式	1		0		0		0	1.00	150000	300000	150000	150000	150000	0	0	運動地圖資訊網功能擴充。								¶¶¶¶。	0	359	310	0	0001				0013	林祝全	1030702	BGT
22-1-109	0	22101		104	22101	2	227104001		0306	002			0	0	0301	部	18		0		0		0	18.00	20900	752400	376200	376200	348500	0	0	汰換個人電腦。								104年度擬新增員額由107人增至155人，新增8人，原編制107人更換1/10為10，故共計需新購與更換18部。	1	355	310	0	0002				0016	林祝全	1030625	BGT
22-1-109	0	22101		104	22101	2	227104001		0306	003			0	0		部	15		0		0		0	15.00	8000	120000	120000	120000	136000	0	0	電腦周邊設備及零組件。									0	355	310	0	0003				0017	林祝全	1030415	BGT
22-1-109	0	22101		104	22101	2	227104001		0306	004			0	0		組	107		0		0		0	107.00	1200	128400	128400	128400	104400	0	0	汰換電腦周邊設備及零組件。								104年度擬新增員額15人，103年員額為107人。	0	355	310	0	0004				0017	林祝全	1030415	BGT
22-1-109	0	22101		104	22101	2	227104001		0306	007			0	0		式	1		0		0		0	1.00	1500000	1810000	1500000	1500000	0	0	0	場館設施管理系統建置。								透過系統建立，完整介紹場館設施特色及景觀，以及透過查報系統掌握各場館設施維護管理情形，獲得即時的資訊供分析研究，讓相關資訊透明化。	0	359	310	0	0005	0	0	0	0013	林祝全	1030702	BGT
22-1-110	0	22101		104	22101	2	227104001		0306	008			0	0		式	1		0		0		0	1.00	800000	950000	800000	800000	0	0	0	體育獎補助金申請管理系統建置。								整合本局各項獎補助，原僅於資訊服務費項下運動選手資料系統維護費編列70,000元。	0	359	310	0	0006	0	0	0	0013	林祝全	1030702	BGT
22-1-110	0	22101		104	22101	2	227104001		0306	010			0	0		式	1		0		0		0	1.00	131000	200000	131000	131000	0	0	0	購置系統備份、工程繪圖軟體。									0	359	310	0	0007	0	0	0	0013	林祝全	1030625	BGT
23-1-50	0	23101		104	23101	2	127104001		0306	001			0	0		年	1		0		0		0	1.00	56854088	56854088	56854088	56854088	50708178	0	0	行政機關個人電腦微軟大量授權方案(操作系統OS及辦公室套裝軟體Office及資料庫終端使用者)費用，本項係102~								依分年資金需求核實編列	0	357	310	0	0001				0020	黃志芬	1030710	BGT
23-1-51	0	23101		104	23101	2	127104002		0306	001			0	0		年	1		0		0		0	1.00	3500000	3500000	3500000	3500000	2930000	0	0	新增行政機關個人電腦防毒軟體大量授權方案，本項係104~106年度連續性計畫，總經費10,500,000元，本年度編								依分年資金需求核實編列	0	357	310	0	0002				0020	黃志芬	1030710	BGT
23-1-51	0	23101		104	23101	2	127104004		0306	001			0	0		部	30		0		0		0	30.00	20900	627000	627000	627000	1271000	0	0	汰換個人電腦。								核實減列	0	355	310	0	0003				0016	梁保堅	1030417	BGT
23-1-51	0	23101		104	23101	2	127104004		0306	002			0	0		年	1		0		0		0	1.00	550000	550000	550000	550000	616000	0	0	個人電腦周邊設備及零組件。								依編列標準核實編列	0	355	310	0	0004				0017	梁保堅	1030408	BGT
23-1-51	0	23101		104	23101	2	127104004		0306	003			0	0		年	1		0		0		0		9500000	9500000	9500000	9500000	9500000	0	0	擴充行政管理資訊網、知識網、薪資及公文整合等系統設備軟硬體費用。									0	355	310	0	0005				0020	施捷瑄	1030327	BGT
23-1-51	0	23101		104	23101	2	127104004		0306	004			0	0		年	1		0		0		0		380000	380000	380000	380000	380000	0	0	套裝軟體。									0	357	310	0	0006				0010	唐公浦	1030327	BGT
23-1-51	0	23101		104	23101	2	127104004		0306	005			0	0		年	1		0		0		0	1.00	6400000	6400000	6400000	6400000	6140000	0	0	市政資訊網路軟硬體費用。								核實增列	0	355	310	0	0007				0020	顏士翔	1030424	BGT
23-1-51	0	23101		104	23101	2	127104004		0306	006			0	0		年	1		0		0		0	1.00	13000000	13000000	13000000	13000000	12000000	0	0	本府資訊業務推動增購伺服器、周邊設備及電腦零組件等。								核實增列	0	355	310	0	0008				0020	施捷瑄	1030403	BGT
23-1-51	0	23101		104	23101	2	127104004		0306	007			0	0		年	1		0		0		0	1.00	9750000	9750000	9750000	9750000	8750000	0	0	儲存設備軟硬體費用。								核實增列	0	355	310	0	0009				0020	施捷瑄	1030403	BGT
23-1-51	0	23101		104	23101	2	127104004		0306	009			0	0		年	1		0		0		0	1.00	5000000	5000000	5000000	5000000	3350000	0	0	本府資訊安全設備費。								核實增列	0	359	310	0	0010				0020	李佳蓉	1030403	BGT
24-1-57	0	24101		104	24101	2	127104000		0306	001			0	0		年	1		0		0		0	1.00	200900	247800	232500	200900	232500	0	0	電腦周邊設備及零組件。								依業務需求核實編列	0	355	310	0	0002				0017	秦桔萬	1031021	BGT
24-1-57	0	24101		104	24101	2	127104000		0306	002			0	0		年	1		0		0		0	1.00	70000	80000	70000	70000	80000	0	0	電腦套裝軟體。									0	357	310	0	0003				0010	秦桔萬	1030703	BGT
24-1-57	0	24101		104	24101	2	127104000		0306	003			0	0	0301	部	15		0		0		0	15.00	20900	271700	313500	313500	266500	0	0	汰換個人電腦。								依物品設備基準表核實編列	1	355	310	0	0004				0016	秦桔萬	1030703	BGT
